69;2609121,-8180172;2609117,-8180184
169915320:2608956,-8180135;2608919,-8180128;2608906,-8180120;2608905,-8180110;2608921,-8180122;2608946,-8180128;2608948,-8180123;2608956,-8180123;2608959,-8180130;2608956,-8180135
184368000:2796562,-8282504;2796539,-8282504
184368014:2796679,-8282768;2796661,-8282782
184368035:2796556,-8282434;2796524,-8282451
226293254:3070047,-8142839;3070514,-8141467;3070699,-8140908;3070735,-8140581
333543563:2633615,-8007001;2633621,-8006997;2633617,-8006976;2633606,-8006971;2633599,-8006976;2633608,-8007004;2633615,-8007001
333543564:2633616,-8007048;2633611,-8007116;2633610,-8007033;2633614,-8007025;2633620,-8007031;2633616,-8007048
333543565:2633560,-8007209;2633566,-8007207;2633566,-8007054;2633572,-8007049;2633572,-8007040;2633562,-8007036;2633553,-8007037;2633544,-8007049;2633543,-8007097;2633543,-8007123;2633552,-8007129;2633552,-8007186;2633560,-8007209
335229915:3033121,-8729580;3033153,-8729605
3352299