16:3033099,-8729483;3033124,-8729493
336335287:2577059,-8014157;2576956,-8014085
381833682:2609245,-8010768;2609249,-8010767;2609254,-8010517;2609258,-8010517;2609251,-8010819;2609255,-8010819;2609261,-8010517;2609257,-8010512;2609252,-8010514;2609245,-8010768
455118862:2625857,-8008027;2625861,-8008021;2625866,-8008022;2625881,-8008044;2625902,-8008061;2625885,-8008055;2625857,-8008027
455118863:2625734,-8008060;2625758,-8008039;2625788,-8008031;2625788,-8008035;2625757,-8008052;2625743,-8008069;2625734,-8008060
455118864:2625752,-8008157;2625847,-8008212
455483671:2786033,-8044917;2786036,-8044921;2786076,-8044883;2786092,-8044867;2786091,-8044861;2786033,-8044917
455483673:2785906,-8045042;2785903,-8045051;2785994,-8044961;2785986,-8044963;2785906,-8045042
455483677:2786018,-8044643;2785981,-8044725
456255017:2907394,-8091112;2907393,-8091133;2907327,-8091330;2907322,-8091329;2907380,-8091111;2907383,-8091106;2907394,-8091112
4819423