7351,-8003147;2677355,-8003143
757984530:2677142,-8003583;2677146,-8003554;2677141,-8003307;2677137,-8003195;2677135,-8003172;2677130,-8003171;2677129,-8003227;2677122,-8003232;2677119,-8003250;2677119,-8003320;2677134,-8003526;2677140,-8003534;2677142,-8003583
827740088:2608885,-8011257;2608884,-8011318;2608944,-8011338
903940583:2609612,-8180224;2609613,-8180207
903940584:2609695,-8180231;2609695,-8180200
903940585:2609804,-8180240;2609805,-8180208
903940586:2609915,-8180245;2609916,-8180220
903940587:2610011,-8180245;2610011,-8180229
903940588:2610095,-8180291;2610095,-8180240
903940589:2610142,-8180270;2610142,-8180233
924718905:2677060,-8004546;2677055,-8004556;2677051,-8004554;2677056,-8004543;2677060,-8004546
924718906:2677071,-8004530;2677066,-8004539;2677062,-8004537;2677068,-8004528;2677071,-8004530
924718907:2677092,-8004519;2677082,-8004519;2677084,-8004523;2677076,-8004525;2677071,-8004514;2677082,-8004509;2677112,-8004509;