8004459;2677182,-8004468;2677178,-8004469;2677175,-8004487
960129558:2575701,-8014251;2575677,-8014216;2575614,-8014209;2575524,-8014088
960129559:2575512,-8014085;2575544,-8013990;2575522,-8013966
960135966:2575632,-8013611;2575663,-8013718;2575624,-8013880;2575620,-8013958
960135967:2575658,-8013697;2575676,-8013690
960139166:2575527,-8014085;2575522,-8014090;2575613,-8014214;2575676,-8014220;2575698,-8014253;2575702,-8014251;2575678,-8014214;2575616,-8014207;2575527,-8014085
960144936:2576391,-8013004;2576182,-8012509
960144937:2576242,-8013377;2576001,-8012795
963604797:2609122,-8011233;2609121,-8011226;2609134,-8011229;2609149,-8011225;2609150,-8011208;2609155,-8011209;2609155,-8011227;2609122,-8011233
963614678:2609560,-8010724;2609554,-8010669;2609552,-8010561;2609490,-8010526;2609500,-8010524;2609503,-8010518;2609497,-8010466;2609502,-8010461;2609509,-8010463;2609504,-8010488;2609504,-8010532;2609550,-8010557
979834682:2716929,-