6334298:2647992,-8218081;2647985,-8218086;2647886,-8218026;2647876,-8217997
1116334299:2647961,-8218099;2647996,-8218113;2648010,-8218112
1150553542:2796639,-8282720;2796646,-8282738
1150553543:2796661,-8282782;2796657,-8282769
1150553544:2796626,-8282691;2796618,-8282668
1150553545:2796603,-8282642;2796597,-8282628
1150553546:2796581,-8282604;2796572,-8282582
1150553547:2796601,-8282577;2796578,-8282595
1150553548:2796612,-8282627;2796600,-8282636
1150553549:2796631,-8282670;2796622,-8282678
1150553550:2796654,-8282722;2796642,-8282728
1150553551:2796466,-8282257;2796445,-8282263
1156546933:2609249,-8011111;2609242,-8011090;2609243,-8010916;2609249,-8010901;2609259,-8010895;2609245,-8010899;2609239,-8010908;2609238,-8011085;2609244,-8011111;2609249,-8011111
1156546935:2609247,-8010819;2609249,-8010767;2609241,-8010767;2609238,-8010774;2609218,-8010763;2609220,-8010756;2609246,-8010756;2609247,-8010529;2609243,-8010516;2609246,-8010505;