81,-8004485;2654674,-8004490;2654674,-8004499;2654655,-8004495;2654644,-8004478;2654599,-8004460
E5:2:3038408,-8650661;3038432,-8650715
E30:2:2711322,-8246358;2711302,-8246352
E31:2:2711277,-8246323;2711275,-8246348
E36:2:2608758,-8180050;2608709,-8180029
E37:2:2608860,-8180098;2608809,-8180075
E38:2:2608955,-8180132;2608907,-8180120
E39:2:2609034,-8180148;2608990,-8180138
E40:2:2609114,-8180178;2609071,-8180161
E41:2:2609506,-8180223;2609545,-8180229
E42:2:2609590,-8180233;2609631,-8180237
E213:2:2654598,-8004461;2654650,-8004481;2654658,-8004496;2654696,-8004487
E214:2:2654772,-8004635;2654784,-8004664
E223:2:2654569,-8004719;2654586,-8004694;2654562,-8004540
E232:4:2625785,-8008031;2625863,-8008023
E260:2:2553583,-8032488;2553557,-8032480;2553450,-8032395;2553416,-8032334;2553395,-8032275;2553380,-8032258;2553281,-8032063;2553249,-8031980;2553168,-8031829;2553165,-8031834;2553177,-8031868;2553226,-8031985;2553418,-8032388;2553446,-80