32424;2553482,-8032458;2553548,-8032500
E280:2:2694421,-8007571;2694426,-8007593
E281:2:2694421,-8007563;2694417,-8007534
E293:2:2694448,-8007670;2694452,-8007684
E294:2:2694406,-8007487;2694400,-8007465
E296:2:2694416,-8007526;2694408,-8007494
E297:2:2716624,-8014942;2716631,-8014952;2716561,-8015052;2716542,-8015040;2716617,-8014933;2716624,-8014942
E372:2:2576955,-8014085;2577058,-8014156
E382:2:2575540,-8013994;2575511,-8014084
E384:2:2576723,-8013867;2576736,-8013901;2576994,-8014076
E386:2:2575551,-8013990;2575523,-8013965;2575522,-8013970;2575548,-8013999
E389:2:2575658,-8013716;2575633,-8013620;2575637,-8013619;2575661,-8013692;2575671,-8013693;2575665,-8013704;2575666,-8013715
E395:2:2575525,-8014086;2575615,-8014206;2575675,-8014215;2575700,-8014249
E403:2:2677290,-8004349;2677266,-8004359
E404:2:2677355,-8004325;2677330,-8004336
E405:2:2677398,-8004293;2677374,-8004305
E406:2:2677362,-8004284;2677339,-8004295
E407:2:2677317,-