8004321;2677289,-8004332
E408:2:2677269,-8004338;2677257,-8004343
E409:2:2677058,-8004544;2677053,-8004553
E410:2:2677245,-8004348;2677232,-8004351
E411:2:2677231,-8004373;2677216,-8004370
E412:2:2677064,-8004537;2677069,-8004528
E442:4:2677392,-8003163;2677390,-8003074;2677409,-8003067
E454:2:2840823,-8058842;2840825,-8058702;2840829,-8058702;2840827,-8058845;2840812,-8058845
E472:2:2608884,-8011256;2608883,-8011318;2608946,-8011339
E473:2:2609119,-8011232;2609150,-8011227;2609150,-8011213
E520:2:2778042,-8278348;2778033,-8278354;2778059,-8278365;2778126,-8278281
E561:2:2796298,-8282852;2796532,-8283257;2796539,-8283285;2796536,-8283338;2796542,-8283354;2796553,-8283354;2796566,-8283342;2796572,-8283329;2796569,-8283294;2796562,-8283277;2796351,-8282894;2796259,-8282742;2796096,-8282445;2796075,-8282414;2796051,-8282397;2795934,-8282347
E580:4:2553358,-8032362;2553420,-8032500;2553426,-8032500;2553369,-8032363;2553361,-8032358;2553358,