-8032362
E604:2:3038408,-8650661;3038432,-8650715
E615:2:2608758,-8180050;2608709,-8180029
E616:2:2608860,-8180098;2608809,-8180075
E617:2:2608955,-8180132;2608907,-8180120
E619:2:2617172,-8181434;2617236,-8181462
E642:2:2778042,-8278348;2778033,-8278354;2778059,-8278365;2778126,-8278281
E658:4:2625785,-8008031;2625863,-8008023
E676:null:2744740,-8269178;2744736,-8269191;2744731,-8269187;2744734,-8269176
E690:2:2575540,-8013994;2575511,-8014084;2575615,-8014206;2575675,-8014215;2575700,-8014249
E691:2:2575540,-8013994;2575520,-8013965
E692:2:2576955,-8014085;2577058,-8014156
E702:null:2744800,-8269200;2744794,-8269217;2744801,-8269221;2744807,-8269204
E719:2:2711364,-8246343;2711347,-8246366
E725:2:2654619,-8004688;2654586,-8004694;2654562,-8004540
E726:2:2716528,-8015026;2716605,-8014921
E738:null:2744870,-8269233;2744865,-8269251;2744858,-8269248;2744864,-8269230
E750:2:2575658,-8013716;2575633,-8013620
E757:2:3012584,-8573071;3012649