,-8572933
E772:2:2796298,-8282852;2796532,-8283257;2796539,-8283285;2796536,-8283338;2796542,-8283354;2796553,-8283354;2796566,-8283342;2796572,-8283329;2796569,-8283294;2796562,-8283277;2796351,-8282894;2796259,-8282742;2796096,-8282445;2796075,-8282414;2796051,-8282397;2795934,-8282347
E775:2:2609114,-8180178;2609071,-8180161
E797:2:2711275,-8246329;2711275,-8246348
E805:2:2609590,-8180233;2609631,-8180237
E813:2:2553583,-8032488;2553557,-8032480;2553450,-8032395;2553416,-8032334;2553395,-8032275;2553380,-8032258;2553281,-8032063;2553249,-8031980;2553168,-8031829;2553165,-8031834;2553226,-8031985;2553418,-8032388;2553446,-8032424;2553482,-8032458;2553571,-8032513
E814:2:2576719,-8013854;2576736,-8013901;2576994,-8014076
E817:2:2608884,-8011256;2608883,-8011318;2608946,-8011339
E820:2:2654598,-8004461;2654650,-8004481;2654696,-8004487
E822:2:2786179,-8044711;2786185,-8044583
E833:2:2609034,-8180148;2608990,-8180138
E834:2:2609506,-8180