160036583:2456287,-8180392;2456327,-8180167;2456319,-8180160;2456276,-8180377;2456270,-8180389;2456278,-8180394;2456287,-8180392
281172097:2456108,-8181511;2456097,-8181517;2456067,-8181485;2456045,-8181469;2456032,-8181423;2456035,-8181350;2456047,-8181286;2456060,-8181259;2456076,-8181247;2456094,-8181239;2456122,-8181243;2456104,-8181227;2456062,-8181242;2456043,-8181269;2456026,-8181333;2456022,-8181384;2456024,-8181438;2456040,-8181473;2456064,-8181492;2456099,-8181538;2456113,-8181549;2456113,-8181541;2456104,-8181527;2456108,-8181511
338225787:2454652,-8179914;2454664,-8179850;2454664,-8179820;2454658,-8179760;2454650,-8179755;2454656,-8179846;2454643,-8179912;2454652,-8179914
339025510:2454493,-8180557;2454501,-8180542;2454437,-8180530;2454426,-8180523;2454419,-8180509;2454416,-8180491;2454426,-8180390;2454455,-8180373;2454477,-8180314;2454481,-8180312;2454522,-8180330;2454536,-8180325;2454572,-8180244;2454562,-8180246;2454538,-8180299;2454524,-8180313;2454511,-8180316;2454500,-8180305;2454483,-8180300;2454470,-8180308;2454450,-8180364;2454424,-8180375;2454416,-8180387;2454407,-8180482;2454412,-8180517;2454430,-8180537;2454483,-8180548;2454493,-8180557
339027525:2455008,-8181123;2454985,-8181139;2454953,-8181176;2454936,-8181183;2454590,-8181247;2454585,-8181245;2454583,-8181235;2454553,-8181241;2454545,-8181231;2454541,-8181243;2454563,-8181259;2454580,-8181257;2454937,-8181190;2454956,-8181182;2454995,-8181145;2455008,-8181123
339027532:2454499,-8180978;2454489,-8180975;2454495,-8180945;2454501,-8180942;2454507,-8180951;2454499,-8180978
493317446:2456179,-8180636;2456186,-8180633;2456206,-8180590;2456179,-8180636
493341260:2456200,-8181585;2456211,-8181572;2456251,-8181565;2456275,-8181539;2456281,-8181538;2456271,-8181547;2456265,-8181567;2456220,-8181577;2456201,-8181592;2456184,-8181591;2456186,-8181587;2456200,-8181585
495083110:2454520,-8180902;2454513,-8180905;2454511,-8180893;2454518,-8180891;2454520,-8180902
495083111:2454496,-8181062;2454495,-8181073;2454487,-8181075;2454480,-8181050;2454481,-8181034;2454491,-8181027;2454496,-8181062
495083112:2454514,-8181154;2454514,-8181168;2454501,-8181167;2454496,-8181157;2454498,-8181136;2454508,-8181138;2454514,-8181154
923188816:2455586,-8180783;2455632,-8180880
1158814288:2455087,-8181154;2455081,-8181162;2455078,-8181159;2455084,-8181151;2455087,-8181154
1158814289:2455130,-8181156;2455131,-8181166;2455136,-8181165;2455134,-8181155;2455130,-8181156
1158814290:2455177,-8181148;2455179,-8181157;2455184,-8181156;2455182,-8181147;2455177,-8181148
1158814291:2455232,-8181138;2455233,-8181148;2455238,-8181147;2455237,-8181137;2455232,-8181138
1158814292:2455286,-8181129;2455287,-8181138;2455292,-8181137;2455291,-8181129;2455286,-8181129
1158814293:2455340,-8181120;2455341,-8181128;2455346,-8181127;2455345,-8181119;2455340,-8181120
1158831715:2456280,-8180403;2456277,-8180407;2456264,-8180399;2456266,-8180395;2456280,-8180403
1158972904:2456665,-8179521;2456669,-8179501;2456653,-8179427;2456648,-8179431;2456661,-8179516;2456665,-8179521
1158972905:2456644,-8179442;2456638,-8179415;2456643,-8179400;2456629,-8179394;2456619,-8179371;2456626,-8179370;2456633,-8179387;2456648,-8179392;2456651,-8179399;2456651,-8179407;2456642,-8179420;2456644,-8179442
1158972907:2456526,-8178754;2456533,-8178746;2456548,-8178810;2456573,-8178960;2456581,-8179030;2456572,-8179069;2456568,-8179069;2456564,-8179056;2456572,-8179026;2456569,-8178967;2456526,-8178754
E92:2:2454484,-8181034;2454489,-8181037;2454490,-8181068;2454483,-8181054;2454484,-8181034
E93:2:2454501,-8180947;2454499,-8180971;2454495,-8180974;2454497,-8180949;2454501,-8180947
E99:2:2454499,-8181142;2454502,-8181159;2454508,-8181163;2454507,-8181143;2454499,-8181142
E105:2:2455019,-8177492;2455001,-8177489;2454990,-8177482;2454987,-8177486;2455017,-8177498
E110:2:2455630,-8180880;2455586,-8180783