42367225:2786178,-8044701;2786190,-8044651;2786183,-8044566;2786165,-8044499;2786165,-8044482
157406226:2677350,-8003104;2677360,-8003366
169915303:2609033,-8180151;2608989,-8180140;2608988,-8180131;2608992,-8180129;2609007,-8180140;2609027,-8180145;2609028,-8180140;2609039,-8180141;2609041,-8180146;2609033,-8180151
169915309:2609344,-8180120;2609335,-8180114;2609362,-8180035;2609368,-8180036;2609344,-8180120
169915310:2617446,-8181450;2617435,-8181445;2617455,-8181339;2617448,-8181337;2617420,-8181499;2617401,-8181541;2617410,-8181548;2617439,-8181486;2617446,-8181450
169915313:2609176,-8180256;2609160,-8180283;2609149,-8180294;2609145,-8180288;2609164,-8180265;2609178,-8180229;2609191,-8180134;2609222,-8180012;2609221,-8179993;2609241,-8179938;2609245,-8179941;2609228,-8179999;2609227,-8180024;2609176,-8180256
169915316:2609117,-8180184;2609072,-8180164;2609071,-8180155;2609081,-8180153;2609083,-8180161;2609109,-8180172;2609113,-8180169;2609121,-8180172;2609117,-8180184
169915320:2608956,-8180135;2608919,-8180128;2608906,-8180120;2608905,-8180110;2608921,-8180122;2608946,-8180128;2608948,-8180123;2608956,-8180123;2608959,-8180130;2608956,-8180135
184368000:2796562,-8282504;2796539,-8282504
184368014:2796679,-8282768;2796661,-8282782
184368035:2796556,-8282434;2796524,-8282451
226293254:3070047,-8142839;3070514,-8141467;3070699,-8140908;3070735,-8140581
333543563:2633615,-8007001;2633621,-8006997;2633617,-8006976;2633606,-8006971;2633599,-8006976;2633608,-8007004;2633615,-8007001
333543564:2633616,-8007048;2633611,-8007116;2633610,-8007033;2633614,-8007025;2633620,-8007031;2633616,-8007048
333543565:2633560,-8007209;2633566,-8007207;2633566,-8007054;2633572,-8007049;2633572,-8007040;2633562,-8007036;2633553,-8007037;2633544,-8007049;2633543,-8007097;2633543,-8007123;2633552,-8007129;2633552,-8007186;2633560,-8007209
335229915:3033121,-8729580;3033153,-8729605
335229916:3033099,-8729483;3033124,-8729493
336335287:2577059,-8014157;2576956,-8014085
381833682:2609245,-8010768;2609249,-8010767;2609254,-8010517;2609258,-8010517;2609251,-8010819;2609255,-8010819;2609261,-8010517;2609257,-8010512;2609252,-8010514;2609245,-8010768
455118862:2625857,-8008027;2625861,-8008021;2625866,-8008022;2625881,-8008044;2625902,-8008061;2625885,-8008055;2625857,-8008027
455118863:2625734,-8008060;2625758,-8008039;2625788,-8008031;2625788,-8008035;2625757,-8008052;2625743,-8008069;2625734,-8008060
455118864:2625752,-8008157;2625847,-8008212
455483671:2786033,-8044917;2786036,-8044921;2786076,-8044883;2786092,-8044867;2786091,-8044861;2786033,-8044917
455483673:2785906,-8045042;2785903,-8045051;2785994,-8044961;2785986,-8044963;2785906,-8045042
455483677:2786018,-8044643;2785981,-8044725
456255017:2907394,-8091112;2907393,-8091133;2907327,-8091330;2907322,-8091329;2907380,-8091111;2907383,-8091106;2907394,-8091112
481942391:2961223,-8495749;2961198,-8495736;2961197,-8495744;2961378,-8495844;2961391,-8495849;2961413,-8495844;2961413,-8495839;2961391,-8495842;2961379,-8495838;2961223,-8495749
485952337:2609157,-8010800;2609161,-8010802;2609163,-8010818;2609168,-8010816;2609165,-8010799;2609186,-8010789;2609186,-8010781;2609181,-8010778;2609161,-8010790;2609137,-8010794;2609139,-8010805;2609157,-8010800
485952338:2609091,-8010856;2609097,-8010876;2609094,-8010826;2609103,-8010818;2609100,-8010808;2609088,-8010817;2609069,-8010822;2609066,-8010828;2609071,-8010835;2609085,-8010830;2609091,-8010856
492627077:2609505,-8180222;2609547,-8180228
492627078:2609631,-8180235;2609592,-8180231
558948388:2694458,-8007696;2694453,-8007687;2694458,-8007696
558948389:2694402,-8007463;2694405,-8007486;2694399,-8007464;2694402,-8007463
558948398:2694447,-8007670;2694452,-8007682;2694447,-8007670
558948401:2694426,-8007591;2694421,-8007571;2694426,-8007591
558948407:2694452,-8007709;2694459,-8007701;2694452,-8007709
558948408:2694414,-8007525;2694417,-8007519;2694410,-8007493;2694407,-8007494;2694414,-8007525
558948418:2694419,-8007561;2694415,-8007534;2694418,-8007533;2694419,-8007561
630397572:2654562,-8004541;2654586,-8004694;2654570,-8004720
675885302:2716625,-8014933;2716552,-8015023;2716535,-8015025;2716541,-8015011;2716617,-8014920;2716625,-8014933
675885303:2716767,-8014921;2716768,-8014909;2716782,-8014905;2716837,-8014978;2716928,-8014998;2716934,-8015003;2716932,-8015143;2716928,-8015154;2716922,-8015156;2716915,-8015146;2716915,-8015016;2716829,-8014998;2716767,-8014921
751098888:2961157,-8495865;2961142,-8495857;2961135,-8495849;2961138,-8495846;2961347,-8495953;2961375,-8495972;2961384,-8495982;2961384,-8495994;2961374,-8495978;2961353,-8495964;2961243,-8495912;2961157,-8495865
757984529:2677355,-8003143;2677358,-8003103;2677349,-8003096;2677344,-8003117;2677356,-8003385;2677360,-8003378;2677351,-8003147;2677355,-8003143
757984530:2677142,-8003583;2677146,-8003554;2677141,-8003307;2677137,-8003195;2677135,-8003172;2677130,-8003171;2677129,-8003227;2677122,-8003232;2677119,-8003250;2677119,-8003320;2677134,-8003526;2677140,-8003534;2677142,-8003583
827740088:2608885,-8011257;2608884,-8011318;2608944,-8011338
903940583:2609612,-8180224;2609613,-8180207
903940584:2609695,-8180231;2609695,-8180200
903940585:2609804,-8180240;2609805,-8180208
903940586:2609915,-8180245;2609916,-8180220
903940587:2610011,-8180245;2610011,-8180229
903940588:2610095,-8180291;2610095,-8180240
903940589:2610142,-8180270;2610142,-8180233
924718905:2677060,-8004546;2677055,-8004556;2677051,-8004554;2677056,-8004543;2677060,-8004546
924718906:2677071,-8004530;2677066,-8004539;2677062,-8004537;2677068,-8004528;2677071,-8004530
924718907:2677092,-8004519;2677082,-8004519;2677084,-8004523;2677076,-8004525;2677071,-8004514;2677082,-8004509;2677112,-8004509;2677111,-8004520;2677095,-8004515;2677092,-8004519
924718908:2677112,-8004499;2677112,-8004506;2677099,-8004497;2677083,-8004496;2677078,-8004485;2677082,-8004478;2677091,-8004477;2677114,-8004489;2677112,-8004499
924718910:2677149,-8004442;2677128,-8004400;2677131,-8004392;2677141,-8004389;2677151,-8004401;2677156,-8004394;2677163,-8004397;2677157,-8004412;2677165,-8004437;2677153,-8004434;2677151,-8004427;2677149,-8004442
924718911:2677202,-8004436;2677207,-8004440;2677225,-8004436;2677203,-8004432;2677202,-8004436
924718912:2677155,-8004374;2677171,-8004375;2677185,-8004366;2677193,-8004369;2677195,-8004375;2677176,-8004392;2677154,-8004384;2677155,-8004374
924718913:2677234,-8004375;2677213,-8004377;2677212,-8004364;2677219,-8004360;2677233,-8004363;2677234,-8004375
924718914:2677246,-8004353;2677229,-8004354;2677230,-8004346;2677245,-8004346;2677246,-8004353
924718915:2677292,-8004354;2677269,-8004363;2677265,-8004355;2677279,-8004345;2677289,-8004346;2677292,-8004354
924718916:2677271,-8004342;2677260,-8004347;2677255,-8004340;2677264,-8004333;2677270,-8004335;2677271,-8004342
924718917:2677319,-8004326;2677290,-8004337;2677287,-8004332;2677296,-8004320;2677309,-8004316;2677319,-8004320;2677319,-8004326
924718918:2677356,-8004330;2677331,-8004340;2677325,-8004336;2677340,-8004326;2677357,-8004322;2677356,-8004330
924718919:2677365,-8004287;2677339,-8004300;2677336,-8004295;2677342,-8004285;2677354,-8004279;2677360,-8004279;2677365,-8004287
924718920:2677402,-8004298;2677382,-8004308;2677372,-8004308;2677373,-8004300;2677388,-8004292;2677400,-8004292;2677402,-8004298
924718928:2677200,-8004521;2677198,-8004517;2677165,-8004508;2677173,-8004490;2677156,-8004496;2677158,-8004512;2677200,-8004521
924718929:2677175,-8004487;2677170,-8004485;2677174,-8004475;2677170,-8004454;2677173,-8004443;2677191,-8004444;2677212,-8004453;2677190,-8004448;2677182,-8004451;2677179,-8004459;2677182,-8004468;2677178,-8004469;2677175,-8004487
960129558:2575701,-8014251;2575677,-8014216;2575614,-8014209;2575524,-8014088
960129559:2575512,-8014085;2575544,-8013990;2575522,-8013966
960135966:2575632,-8013611;2575663,-8013718;2575624,-8013880;2575620,-8013958
960135967:2575658,-8013697;2575676,-8013690
960139166:2575527,-8014085;2575522,-8014090;2575613,-8014214;2575676,-8014220;2575698,-8014253;2575702,-8014251;2575678,-8014214;2575616,-8014207;2575527,-8014085
960144936:2576391,-8013004;2576182,-8012509
960144937:2576242,-8013377;2576001,-8012795
963604797:2609122,-8011233;2609121,-8011226;2609134,-8011229;2609149,-8011225;2609150,-8011208;2609155,-8011209;2609155,-8011227;2609122,-8011233
963614678:2609560,-8010724;2609554,-8010669;2609552,-8010561;2609490,-8010526;2609500,-8010524;2609503,-8010518;2609497,-8010466;2609502,-8010461;2609509,-8010463;2609504,-8010488;2609504,-8010532;2609550,-8010557
979834682:2716929,-8015352;2716934,-8015243
979834683:2716910,-8015624;2716906,-8015624;2716904,-8015601;2716912,-8015410;2716917,-8015412;2716915,-8015478;2716911,-8015486;2716910,-8015624
979835962:2716901,-8015799;2716903,-8015703;2716906,-8015750;2716901,-8015799
984853664:2907777,-8092651;2907782,-8092660;2907766,-8092666;2907741,-8092655;2907723,-8092637;2907702,-8092594;2907697,-8092555;2907714,-8092433;2907695,-8092511;2907689,-8092562;2907694,-8092601;2907711,-8092637;2907740,-8092668;2907761,-8092678;2907780,-8092675;2907788,-8092669;2907790,-8092658;2907777,-8092651
984853666:2907717,-8092425;2907712,-8092424;2907729,-8092344;2907812,-8092042;2907824,-8091975;2907821,-8091911;2907832,-8091911;2907829,-8092011;2907717,-8092425
984858414:2907821,-8091911;2907816,-8091581;2907820,-8091548;2907820,-8091203;2907810,-8090854;2907815,-8090838;2907833,-8090839;2907835,-8090900;2907830,-8090931;2907835,-8090994;2907828,-8091311;2907831,-8091552;2907837,-8091585;2907838,-8091805;2907835,-8091908;2907821,-8091911
986786513:2746961,-8029669;2746973,-8029621;2746978,-8029619;2746972,-8029657;2746966,-8029669;2746961,-8029669
986786515:2746978,-8029588;2746985,-8029497;2747019,-8029222;2747020,-8029245;2746983,-8029580;2746978,-8029588
986788830:2747022,-8029223;2747029,-8029168;2747057,-8029114;2747077,-8029026;2747071,-8029026;2747052,-8029114;2747027,-8029164;2747019,-8029222;2747022,-8029223
986788831:2747071,-8029026;2747074,-8029013;2747066,-8029013;2747064,-8028994;2747092,-8028832;2747089,-8028825;2747042,-8028815;2747038,-8028803;2747046,-8028796;2747088,-8028806;2747098,-8028803;2747110,-8028695;2747117,-8028680;2747124,-8028683;2747124,-8028720;2747077,-8029026;2747071,-8029026
989054442:2625770,-8008167;2625756,-8008173;2625746,-8008170;2625741,-8008154;2625744,-8008145;2625751,-8008144;2625848,-8008201;2625854,-8008208;2625851,-8008217;2625839,-8008224;2625841,-8008212;2625836,-8008205;2625770,-8008167
999061999:2608849,-8180085;2608864,-8180090;2608860,-8180100;2608809,-8180077;2608812,-8180070;2608849,-8180085
1058106447:2711279,-8246322;2711277,-8246348;2711273,-8246333;2711291,-8246298;2711279,-8246322
1058106448:2711359,-8246355;2711348,-8246364;2711351,-8246366;2711360,-8246359;2711367,-8246339;2711359,-8246319;2711364,-8246336;2711359,-8246355
1058106450:2711321,-8246355;2711303,-8246352;2711320,-8246359;2711321,-8246355
1113038961:2609528,-8180213;2609530,-8180185
1113400125:2608755,-8180044;2608762,-8180044;2608758,-8180050;2608709,-8180029;2608711,-8180022;2608755,-8180044
1114792655:2617403,-8181351;2617397,-8181356;2617376,-8181421;2617369,-8181421;2617358,-8181477;2617348,-8181489;2617319,-8181490;2617320,-8181504;2617370,-8181498;2617403,-8181351;2617420,-8181301;2617431,-8181284
1114792656:2617204,-8181440;2617185,-8181433;2617183,-8181444;2617236,-8181463;2617238,-8181452;2617204,-8181440
1116334298:2647992,-8218081;2647985,-8218086;2647886,-8218026;2647876,-8217997
1116334299:2647961,-8218099;2647996,-8218113;2648010,-8218112
1150553542:2796639,-8282720;2796646,-8282738
1150553543:2796661,-8282782;2796657,-8282769
1150553544:2796626,-8282691;2796618,-8282668
1150553545:2796603,-8282642;2796597,-8282628
1150553546:2796581,-8282604;2796572,-8282582
1150553547:2796601,-8282577;2796578,-8282595
1150553548:2796612,-8282627;2796600,-8282636
1150553549:2796631,-8282670;2796622,-8282678
1150553550:2796654,-8282722;2796642,-8282728
1150553551:2796466,-8282257;2796445,-8282263
1156546933:2609249,-8011111;2609242,-8011090;2609243,-8010916;2609249,-8010901;2609259,-8010895;2609245,-8010899;2609239,-8010908;2609238,-8011085;2609244,-8011111;2609249,-8011111
1156546935:2609247,-8010819;2609249,-8010767;2609241,-8010767;2609238,-8010774;2609218,-8010763;2609220,-8010756;2609246,-8010756;2609247,-8010529;2609243,-8010516;2609246,-8010505;2609258,-8010504;2609268,-8010512;2609258,-8010664;2609255,-8010802;2609258,-8010819;2609247,-8010819
1156912577:2608946,-8011339;2608945,-8011336;2608946,-8011339
1175993853:3011866,-8572987;3011800,-8573067;3011807,-8573077;3011816,-8573080;3011838,-8573052;3011871,-8572996;3011914,-8572825;3011930,-8572628;3011990,-8572537;3011984,-8572534;3011924,-8572620;3011903,-8572813;3011866,-8572987
1204280171:2990848,-8128391;2990841,-8128387;2990776,-8128648;2990622,-8129300;2990596,-8129357;2990587,-8129368;2990547,-8129395;2990530,-8129395;2990517,-8129386;2990508,-8129369;2990509,-8129348;2990505,-8129346;2990503,-8129362;2990509,-8129398;2990524,-8129408;2990545,-8129408;2990568,-8129397;2990603,-8129369;2990623,-8129335;2990848,-8128391
1265232968:2796987,-8283084;2796947,-8283070;2796896,-8283044;2796835,-8282994;2796813,-8282970;2796699,-8282793
1266205565:2744059,-8268996;2744063,-8269003;2744061,-8269067;2744066,-8269067;2744066,-8269077;2744045,-8269073;2744046,-8269065;2744052,-8269065;2744056,-8269054;2744059,-8268996
1266205567:2743941,-8269063;2743949,-8269066;2743947,-8269078;2743926,-8269073;2743927,-8269066;2743941,-8269063
1266205569:2743827,-8269050;2743826,-8269055;2743819,-8269054;2743817,-8269061;2743839,-8269063;2743827,-8269050
1266205572:2744456,-8268994;2744410,-8269125;2744405,-8269123;2744443,-8269008;2744460,-8268960;2744456,-8268994
1434893036:2589947,-8012100;2589946,-8012083;2589938,-8012064;2589927,-8012055;2589911,-8012051;2589912,-8012044;2589917,-8012044;2589936,-8012053;2589947,-8012067;2589954,-8012088;2589944,-8012250;2589940,-8012246;2589947,-8012100
1558544736:2654596,-8004454;2654582,-8004445;2654619,-8004689;2654629,-8004696;2654665,-8004692;2654696,-8004715;2654711,-8004721;2654729,-8004720;2654749,-8004710;2654784,-8004671;2654784,-8004660;2654768,-8004632;2654751,-8004583;2654727,-8004538;2654706,-8004515;2654696,-8004487;2654681,-8004485;2654674,-8004490;2654674,-8004499;2654655,-8004495;2654644,-8004478;2654599,-8004460
E5:2:3038408,-8650661;3038432,-8650715
E30:2:2711322,-8246358;2711302,-8246352
E31:2:2711277,-8246323;2711275,-8246348
E36:2:2608758,-8180050;2608709,-8180029
E37:2:2608860,-8180098;2608809,-8180075
E38:2:2608955,-8180132;2608907,-8180120
E39:2:2609034,-8180148;2608990,-8180138
E40:2:2609114,-8180178;2609071,-8180161
E41:2:2609506,-8180223;2609545,-8180229
E42:2:2609590,-8180233;2609631,-8180237
E213:2:2654598,-8004461;2654650,-8004481;2654658,-8004496;2654696,-8004487
E214:2:2654772,-8004635;2654784,-8004664
E223:2:2654569,-8004719;2654586,-8004694;2654562,-8004540
E232:4:2625785,-8008031;2625863,-8008023
E260:2:2553583,-8032488;2553557,-8032480;2553450,-8032395;2553416,-8032334;2553395,-8032275;2553380,-8032258;2553281,-8032063;2553249,-8031980;2553168,-8031829;2553165,-8031834;2553177,-8031868;2553226,-8031985;2553418,-8032388;2553446,-8032424;2553482,-8032458;2553548,-8032500
E280:2:2694421,-8007571;2694426,-8007593
E281:2:2694421,-8007563;2694417,-8007534
E293:2:2694448,-8007670;2694452,-8007684
E294:2:2694406,-8007487;2694400,-8007465
E296:2:2694416,-8007526;2694408,-8007494
E297:2:2716624,-8014942;2716631,-8014952;2716561,-8015052;2716542,-8015040;2716617,-8014933;2716624,-8014942
E372:2:2576955,-8014085;2577058,-8014156
E382:2:2575540,-8013994;2575511,-8014084
E384:2:2576723,-8013867;2576736,-8013901;2576994,-8014076
E386:2:2575551,-8013990;2575523,-8013965;2575522,-8013970;2575548,-8013999
E389:2:2575658,-8013716;2575633,-8013620;2575637,-8013619;2575661,-8013692;2575671,-8013693;2575665,-8013704;2575666,-8013715
E395:2:2575525,-8014086;2575615,-8014206;2575675,-8014215;2575700,-8014249
E403:2:2677290,-8004349;2677266,-8004359
E404:2:2677355,-8004325;2677330,-8004336
E405:2:2677398,-8004293;2677374,-8004305
E406:2:2677362,-8004284;2677339,-8004295
E407:2:2677317,-8004321;2677289,-8004332
E408:2:2677269,-8004338;2677257,-8004343
E409:2:2677058,-8004544;2677053,-8004553
E410:2:2677245,-8004348;2677232,-8004351
E411:2:2677231,-8004373;2677216,-8004370
E412:2:2677064,-8004537;2677069,-8004528
E442:4:2677392,-8003163;2677390,-8003074;2677409,-8003067
E454:2:2840823,-8058842;2840825,-8058702;2840829,-8058702;2840827,-8058845;2840812,-8058845
E472:2:2608884,-8011256;2608883,-8011318;2608946,-8011339
E473:2:2609119,-8011232;2609150,-8011227;2609150,-8011213
E520:2:2778042,-8278348;2778033,-8278354;2778059,-8278365;2778126,-8278281
E561:2:2796298,-8282852;2796532,-8283257;2796539,-8283285;2796536,-8283338;2796542,-8283354;2796553,-8283354;2796566,-8283342;2796572,-8283329;2796569,-8283294;2796562,-8283277;2796351,-8282894;2796259,-8282742;2796096,-8282445;2796075,-8282414;2796051,-8282397;2795934,-8282347
E580:4:2553358,-8032362;2553420,-8032500;2553426,-8032500;2553369,-8032363;2553361,-8032358;2553358,-8032362
E604:2:3038408,-8650661;3038432,-8650715
E615:2:2608758,-8180050;2608709,-8180029
E616:2:2608860,-8180098;2608809,-8180075
E617:2:2608955,-8180132;2608907,-8180120
E619:2:2617172,-8181434;2617236,-8181462
E642:2:2778042,-8278348;2778033,-8278354;2778059,-8278365;2778126,-8278281
E658:4:2625785,-8008031;2625863,-8008023
E676:null:2744740,-8269178;2744736,-8269191;2744731,-8269187;2744734,-8269176
E690:2:2575540,-8013994;2575511,-8014084;2575615,-8014206;2575675,-8014215;2575700,-8014249
E691:2:2575540,-8013994;2575520,-8013965
E692:2:2576955,-8014085;2577058,-8014156
E702:null:2744800,-8269200;2744794,-8269217;2744801,-8269221;2744807,-8269204
E719:2:2711364,-8246343;2711347,-8246366
E725:2:2654619,-8004688;2654586,-8004694;2654562,-8004540
E726:2:2716528,-8015026;2716605,-8014921
E738:null:2744870,-8269233;2744865,-8269251;2744858,-8269248;2744864,-8269230
E750:2:2575658,-8013716;2575633,-8013620
E757:2:3012584,-8573071;3012649,-8572933
E772:2:2796298,-8282852;2796532,-8283257;2796539,-8283285;2796536,-8283338;2796542,-8283354;2796553,-8283354;2796566,-8283342;2796572,-8283329;2796569,-8283294;2796562,-8283277;2796351,-8282894;2796259,-8282742;2796096,-8282445;2796075,-8282414;2796051,-8282397;2795934,-8282347
E775:2:2609114,-8180178;2609071,-8180161
E797:2:2711275,-8246329;2711275,-8246348
E805:2:2609590,-8180233;2609631,-8180237
E813:2:2553583,-8032488;2553557,-8032480;2553450,-8032395;2553416,-8032334;2553395,-8032275;2553380,-8032258;2553281,-8032063;2553249,-8031980;2553168,-8031829;2553165,-8031834;2553226,-8031985;2553418,-8032388;2553446,-8032424;2553482,-8032458;2553571,-8032513
E814:2:2576719,-8013854;2576736,-8013901;2576994,-8014076
E817:2:2608884,-8011256;2608883,-8011318;2608946,-8011339
E820:2:2654598,-8004461;2654650,-8004481;2654696,-8004487
E822:2:2786179,-8044711;2786185,-8044583
E833:2:2609034,-8180148;2608990,-8180138
E834:2:2609506,-8180223;2609545,-8180229
E849:2:2654772,-8004635;2654784,-8004664
E858:4:2553358,-8032362;2553437,-8032536;2553369,-8032363;2553361,-8032358;2553358,-8032362
E864:4:2609718,-8010414;2609689,-8010018
988655846:2747401,-8028520;2747332,-8028923;2747323,-8028977;2747315,-8029023;2747284,-8029212
160036583:2456287,-8180392;2456327,-8180167;2456319,-8180160;2456276,-8180377;2456270,-8180389;2456278,-8180394;2456287,-8180392
281172097:2456108,-8181511;2456097,-8181517;2456067,-8181485;2456045,-8181469;2456032,-8181423;2456035,-8181350;2456047,-8181286;2456060,-8181259;2456076,-8181247;2456094,-8181239;2456122,-8181243;2456104,-8181227;2456062,-8181242;2456043,-8181269;2456026,-8181333;2456022,-8181384;2456024,-8181438;2456040,-8181473;2456064,-8181492;2456099,-8181538;2456113,-8181549;2456113,-8181541;2456104,-8181527;2456108,-8181511
338225787:2454652,-8179914;2454664,-8179850;2454664,-8179820;2454658,-8179760;2454650,-8179755;2454656,-8179846;2454643,-8179912;2454652,-8179914
339025510:2454493,-8180557;2454501,-8180542;2454437,-8180530;2454426,-8180523;2454419,-8180509;2454416,-8180491;2454426,-8180390;2454455,-8180373;2454477,-8180314;2454481,-8180312;2454522,-8180330;2454536,-8180325;2454572,-8180244;2454562,-8180246;2454538,-8180299;2454524,-8180313;2454511,-8180316;2454500,-8180305;2454483,-8180300;2454470,-8180308;2454450,-8180364;2454424,-8180375;2454416,-8180387;2454407,-8180482;2454412,-8180517;2454430,-8180537;2454483,-8180548;2454493,-8180557
339027525:2455008,-8181123;2454985,-8181139;2454953,-8181176;2454936,-8181183;2454590,-8181247;2454585,-8181245;2454583,-8181235;2454553,-8181241;2454545,-8181231;2454541,-8181243;2454563,-8181259;2454580,-8181257;2454937,-8181190;2454956,-8181182;2454995,-8181145;2455008,-8181123
339027532:2454499,-8180978;2454489,-8180975;2454495,-8180945;2454501,-8180942;2454507,-8180951;2454499,-8180978
493317446:2456179,-8180636;2456186,-8180633;2456206,-8180590;2456179,-8180636
493341260:2456200,-8181585;2456211,-8181572;2456251,-8181565;2456275,-8181539;2456281,-8181538;2456271,-8181547;2456265,-8181567;2456220,-8181577;2456201,-8181592;2456184,-8181591;2456186,-8181587;2456200,-8181585
495083110:2454520,-8180902;2454513,-8180905;2454511,-8180893;2454518,-8180891;2454520,-8180902
495083111:2454496,-8181062;2454495,-8181073;2454487,-8181075;2454480,-8181050;2454481,-8181034;2454491,-8181027;2454496,-8181062
495083112:2454514,-8181154;2454514,-8181168;2454501,-8181167;2454496,-8181157;2454498,-8181136;2454508,-8181138;2454514,-8181154
923188816:2455586,-8180783;2455632,-8180880
1158814288:2455087,-8181154;2455081,-8181162;2455078,-8181159;2455084,-8181151;2455087,-8181154
1158814289:2455130,-8181156;2455131,-8181166;2455136,-8181165;2455134,-8181155;2455130,-8181156
1158814290:2455177,-8181148;2455179,-8181157;2455184,-8181156;2455182,-8181147;2455177,-8181148
1158814291:2455232,-8181138;2455233,-8181148;2455238,-8181147;2455237,-8181137;2455232,-8181138
1158814292:2455286,-8181129;2455287,-8181138;2455292,-8181137;2455291,-8181129;2455286,-8181129
1158814293:2455340,-8181120;2455341,-8181128;2455346,-8181127;2455345,-8181119;2455340,-8181120
1158831715:2456280,-8180403;2456277,-8180407;2456264,-8180399;2456266,-8180395;2456280,-8180403
1158972904:2456665,-8179521;2456669,-8179501;2456653,-8179427;2456648,-8179431;2456661,-8179516;2456665,-8179521
1158972905:2456644,-8179442;2456638,-8179415;2456643,-8179400;2456629,-8179394;2456619,-8179371;2456626,-8179370;2456633,-8179387;2456648,-8179392;2456651,-8179399;2456651,-8179407;2456642,-8179420;2456644,-8179442
1158972907:2456526,-8178754;2456533,-8178746;2456548,-8178810;2456573,-8178960;2456581,-8179030;2456572,-8179069;2456568,-8179069;2456564,-8179056;2456572,-8179026;2456569,-8178967;2456526,-8178754
E92:2:2454484,-8181034;2454489,-8181037;2454490,-8181068;2454483,-8181054;2454484,-8181034
E93:2:2454501,-8180947;2454499,-8180971;2454495,-8180974;2454497,-8180949;2454501,-8180947
E99:2:2454499,-8181142;2454502,-8181159;2454508,-8181163;2454507,-8181143;2454499,-8181142
E105:2:2455019,-8177492;2455001,-8177489;2454990,-8177482;2454987,-8177486;2455017,-8177498
E110:2:2455630,-8180880;2455586,-8180783