-8180905;2454511,-8180893;2454518,-8180891;2454520,-8180902
495083111:2454496,-8181062;2454495,-8181073;2454487,-8181075;2454480,-8181050;2454481,-8181034;2454491,-8181027;2454496,-8181062
495083112:2454514,-8181154;2454514,-8181168;2454501,-8181167;2454496,-8181157;2454498,-8181136;2454508,-8181138;2454514,-8181154
923188816:2455586,-8180783;2455632,-8180880
1158814288:2455087,-8181154;2455081,-8181162;2455078,-8181159;2455084,-8181151;2455087,-8181154
1158814289:2455130,-8181156;2455131,-8181166;2455136,-8181165;2455134,-8181155;2455130,-8181156
1158814290:2455177,-8181148;2455179,-8181157;2455184,-8181156;2455182,-8181147;2455177,-8181148
1158814291:2455232,-8181138;2455233,-8181148;2455238,-8181147;2455237,-8181137;2455232,-8181138
1158814292:2455286,-8181129;2455287,-8181138;2455292,-8181137;2455291,-8181129;2455286,-8181129
1158814293:2455340,-8181120;2455341,-8181128;2455346,-8181127;2455345,-8181119;2455340,-8181120
1158831715:2