stmarys-s H 93 2619
staug-s H 100 2282
ponce-n H 89 3800
ponce-s H 75 472
sebastian-n H 77 346
sebastian-s H 100 91
sebastian-inner H 29 449
ftpierce-n H 100 695
ftpierce-s H 100 1250
ftpierce-sshore H 100 842
stlucie-n H 57 1464
stlucie-breakwater H 100 738
jupiter-dubois H 100 409
lakeworth-n H 100 844
lakeworth-s H 100 831
peanut-breakwaters H 100 1756
boynton-inner H 89 1681
boca-n H 100 276
boca-s H 100 381
hillsboro-n H 98 452
hillsboro-s H 100 441
pe-n H 100 453
pe-s H 100 1133
pe-inner H 100 2122
haulover-s H 100 463
govcut-n H 100 547
govcut-s H 100 641
govcut-marinas H 100 3687
keywest-harbour H 96 6304
standrews-e H 72 1175
sikes-e H 39 539
sikes-w H 100 634
pickens H 57 72
clearwater-n - 0 284
clearwater-revet - 0 442
longboat-n A 100 351
longboat-s - 0 194
longboat-groins A 49 254
venice-island H 100 361
blindpass-lee - 0 222
doctors-n H 100 460
doctors-s H 100 486
doctors-bw H 100 223
gordon-n H 78 191
gordon-s H 100 757
naples-groins H 96 1759
#SEL
stmarys-s|H85|pier|2|US5FL8CE|100|1146|1146|3070043,-8142858;88,261;6,0;3,7;152,442;1,7;-2,4;-9,2;-10,-14;-117,-360
stmarys-s|H85|pier|2|US5FL8CE|95|674|710|3070053,-8142889;234,691
stmarys-s|H85|pier|5|US5FL8CE|99|1703|1727|3070287,-8142136;405,1202;63,510
staug-s|H85|rip rap|2|US5FL7RG|100|1144|1144|2990502,-8129354;5,-39;14,-15;21,-1;27,13;17,13;21,21;11,19;20,70;29,137;54,227;127,518
ponce-n|H85|rip rap|2|US5FL7GK|100|205|205|2907786,-8092660;-5,-12;-6,-4;-12,-2;-13,4;-17,10;-18,18;-18,29;-8,30;-2,10;1,33
ponce-n|H85|rip rap|2|US5FL7GL|100|437|437|2907745,-8092287;69,257;6,28;4,75;-1,76
ponce-n|H85|pier|2|US5FL7GL|100|1969|1969|2907833,-8091847;2,33;1,86;-8,607;0,250;-1,25;-2,5;-4,2;-3,-5;-3,-34;0,-45;2,-24;-4,-58;7,-550;-5,-26;3,-27;-2,-56;2,-151;5,-36
ponce-s|H85|pier|2|US5FL7GL|100|288|288|2907349,-8091251;44,129;0,6;-3,3;-10,1;-37,-128
sebastian-n|H85|pier|2|US5FL6QI|100|125|125|2786179,-8044711;6,128
sebastian-s|H85|pier|2|US5FL6QI|95|79|82|2785997,-8044746;16,82
sebastian-inner|H85|pier|2|US5FL6QI|83|58|70|2785975,-8044986;43,52
ftpierce-n|H85|pier|2|US5FL6LK|100|899|899|2747332,-8028955;6,18;22,139;43,239;4,38;0,7;-3,3;-10,-13;-6,-23;-12,-80;-2,-39;-7,-19;-29,-168;-4,-16;-1,-21;-9,-38;-2,-25
ftpierce-n|H85|rip rap|2|US5FL6LK|60|283|472|2747322,-8028953;-16,-102;-3,-37;-6,-23;-6,-61;-11,-55;-3,-34;-8,-38;-13,-29;-3,-17;-9,-23;0,-15;-4,-10;2,-20
ftpierce-s|H85|pier|2|US5FL6LK|100|762|762|2747065,-8028999;14,87;5,21;8,66;-47,12;-4,3;-1,7;6,6;14,-6;28,-4;10,4;11,58;5,61;4,4;2,-2;2,-12;-4,-61;-39,-247
ftpierce-s|H85|rip rap|2|US5FL6LK|100|130|130|2747079,-8029002;-17,-81;-9,-32;-7,-12
ftpierce-s|H85|seawall|2|US5FL6LK|100|7|7|2747046,-8029127;-3,-6
ftpierce-s|H85|rip rap|2|US5FL6LK|100|24|24|2747043,-8029133;-10,-22
ftpierce-s|H85|seawall|2|US5FL6LK|100|70|70|2747033,-8029155;-8,-13;-7,-54
ftpierce-sshore|H85|seawall|2|US5FL6LK|100|27|27|2747010,-8029311;4,-1;-1,-16;-5,0
ftpierce-sshore|H85|rip rap|2|US5FL6LK|100|89|89|2747018,-8029222;-8,-89
ftpierce-sshore|H85|rip rap|2|US5FL6LK|100|60|60|2747008,-8029328;-3,-16;-2,-44
ftpierce-sshore|H85|seawall|2|US5FL6LK|100|21|21|2747003,-8029388;3,-1;-2,-13;-4,1
ftpierce-sshore|H85|seawall|2|US5FL6LK|100|37|37|2746978,-8029587;3,-1;-2,-13;-2,-17;-3,-1
ftpierce-sshore|H85|rip rap|2|US5FL6LK|100|65|65|2746985,-8029522;-3,-14;-1,-40;-3,-11
ftpierce-sshore|H85|seawall|2|US5FL6LK|100|23|23|2746987,-8029512;5,-2;-1,-8;-6,0
ftpierce-sshore|H85|rip rap|2|US5FL6LK|100|52|52|2746974,-8029619;-5,-31;-8,-19
ftpierce-sshore|H85|seawall|2|US5FL6LK|100|47|47|2746994,-8029452;-3,-24;6,-1;-1,-5;-1,-5;-6,0
stlucie-n|H85|pier|2|US5FL6HM|100|404|404|2716779,-8014933;64,-68;71,-16;18,12;-80,13;-64,70;-9,-11
stlucie-n|H138|pier|4|US5FL6HM|60|90|151|2716903,-8015338;18,-3;2,60;-7,0;-11,-6;-2,-51
stlucie-n|H138|pier|3|US5FL6HM|74|432|586|2716905,-8015287;11,6;7,0;9,276;-18,-12;-9,-270
stlucie-breakwater|H85|breakwater|2|US5FL6HM|100|309|309|2716624,-8014942;7,-10;-70,-100;-19,13;75,106;7,-9
jupiter-dubois|H85|breakwater|2|US5FL6EN|100|23|23|2694422,-8007571;4,-22
jupiter-dubois|H85|seawall|2|US5FL6EN|100|52|52|2694439,-8007710;-8,22;14,23
jupiter-dubois|H85|breakwater|2|US5FL6EN|100|29|29|2694421,-8007563;-4,29
jupiter-dubois|H85|breakwater|2|US5FL6EN|100|14|14|2694448,-8007670;4,-14
jupiter-dubois|H85|breakwater|2|US5FL6EN|100|22|22|2694406,-8007487;-6,22
jupiter-dubois|H85|rip rap|2|US5FL6EN|34|102|298|2694445,-8007665;-11,26;-11,19;3,20;-16,3;-43,70;-2,21;4,19;20,16;-15,0;2,24;-17,2
jupiter-dubois|H85|breakwater|2|US5FL6EN|100|33|33|2694416,-8007526;-8,32
lakeworth-n|H85|seawall|2|US5PABBA|100|49|49|2677353,-8003138;5,1;1,-5;4,-2;2,6;-4,11;-3,0;0,-5;-6,0
lakeworth-n|H85|rip rap|2|US5PABBA|40|345|871|2677399,-8003904;-23,9;-18,18;-13,24;-4,19;24,120;7,49;5,72;-4,128;-15,82;-3,32;-3,114;-6,97;2,19;-2,15;2,5;3,2;5,-6;-4,-21
lakeworth-s|H85|rip rap|2|US5PABBA|73|714|978|2677127,-8003459;2,16;-4,74;2,14;-5,18;-2,68;1,28;8,19;0,38;2,9;3,-9;3,-60;5,-266;3,-22;-2,-11;1,-30;-2,-8;5,-161;-2,-30;2,-31;-6,-29;-14,-33
lakeworth-s|H138|pier|3|US5PABBA|66|294|445|2677110,-8003247;2,-9;8,-1;1,16;8,19;0,38;2,9;2,-2;2,-26;6,1;2,30;-2,50;-7,34;-6,11;-4,0;-8,-8;-4,-9;0,-16;2,-8;0,-61;4,-26;-7,-29;-1,-13
peanut-breakwaters|H85|rip rap|2|US5PABBA|100|132|132|2677192,-8004516;-12,-1;-11,5;-6,5;-1,5;10,15;5,13;0,14;2,6;4,4;9,0;18,-7
peanut-breakwaters|H85|rip rap|2|US5PABBA|100|54|54|2677085,-8004520;-6,-3;-5,-1;-1,2;3,5;8,4;14,2;6,-2
peanut-breakwaters|H85|breakwater|2|US5PABBA|100|28|28|2677290,-8004349;-24,-10
peanut-breakwaters|H85|breakwater|2|US5PABBA|100|31|31|2677355,-8004325;-25,-11
peanut-breakwaters|H85|breakwater|2|US5PABBA|100|30|30|2677398,-8004293;-24,-12
peanut-breakwaters|H85|breakwater|2|US5PABBA|100|28|28|2677362,-8004284;-23,-11
peanut-breakwaters|H85|breakwater|2|US5PABBA|100|33|33|2677317,-8004321;-28,-11
peanut-breakwaters|H85|breakwater|2|US5PABBA|100|14|14|2677269,-8004338;-11,-5
peanut-breakwaters|H85|breakwater|2|US5PABBA|100|11|11|2677058,-8004544;-5,-9
peanut-breakwaters|H85|rip rap|2|US5PABBA|100|40|40|2677101,-8004489;-1,-5;2,-2;11,-1;1,4;-13,4
peanut-breakwaters|H85|breakwater|2|US5PABBA|100|14|14|2677245,-8004348;-13,-3
peanut-breakwaters|H85|rip rap|2|US5PABBA|100|89|89|2677160,-8004396;-6,-15;-1,-10;3,-7;-2,-2;-4,0;-8,17;8,2;10,15
peanut-breakwaters|H85|rip rap|2|US5PABBA|100|91|91|2677156,-8004374;-1,-5;3,-3;7,-2;6,-4;6,2;12,12;-4,3;-15,-7;-14,4
peanut-breakwaters|H85|breakwater|2|US5PABBA|100|17|17|2677231,-8004372;-15,2
peanut-breakwaters|H85|breakwater|2|US5PABBA|100|10|10|2677064,-8004537;5,8
boynton-inner|H85|seawall|2|US5FL5YP|44|266|609|2654494,-8004119;25,-17;20,-16;8,-15;9,-29;-5,0;-2,-21;11,-88;59,-383
boynton-inner|H85|rip rap|2|US5FL5YP|100|54|54|2654751,-8004705;13,14;20,27
boynton-inner|H85|breakwater|2|US5FL5YP|100|121|121|2654598,-8004461;52,-20;8,-15;38,9
boynton-inner|H85|breakwater|2|US5FL5YP|100|32|32|2654772,-8004635;12,-29
boynton-inner|H85|seawall|2|US5FL5YP|78|35|45|2654598,-8004461;8,15;-4,27
boynton-inner|H85|rip rap|2|US5FL5YP|100|55|55|2654619,-8004688;15,-8;16,1;16,7
boynton-inner|H85|breakwater|2|US5FL5YP|100|187|187|2654569,-8004719;17,25;-24,154
boca-n|H85|pier|4|US5FL5WP|100|30|30|2633616,-8007003;-2,-29
boca-n|H85|pier|3|US5FL5WP|100|5|5|2633617,-8006998;-1,-5
boca-n|H85|seawall|2|US5FL5WP|100|35|35|2633613,-8007122;-3,36
boca-n|H85|pier|3|US5FL5WP|100|27|27|2633594,-8006951;13,-22
boca-n|H85|pier|2|US5FL5WP|100|15|15|2633614,-8007032;-1,-15
boca-n|H85|pier|1|US5FL5WP|64|26|40|2633619,-8006995;34,15
boca-n|H85|rip rap|2|US5FL5WP|100|46|46|2633610,-8007086;3,39;6,1
boca-n|H138|pier|2|US5FL5WP|100|62|62|2633614,-8006998;4,1;1,2;-7,20;-5,2;0,-7;7,-18
boca-s|H85|rip rap|2|US5FL5WP|53|77|145|2633559,-8007156;2,-64;9,-23;21,-31;5,-17
boca-s|H85|pier|3|US5FL5WP|68|35|52|2633563,-8007045;0,10;-8,22;-12,12
boca-s|H138|pier|2|US5FL5WP|100|252|252|2633546,-8007086;-1,-35;6,-10;-1,-29;9,4;4,111;-4,2;-6,-3;-3,-8;-4,-32
hillsboro-n|H85|breakwater|4|US5FL5VP|100|87|87|2625785,-8008031;78,8
hillsboro-n|H138|pier|2|US5FL5VP|100|72|72|2625880,-8008040;-12,9;-3,8;-2,0;-2,-4;2,-6;13,-16;4,9
hillsboro-n|H138|pier|2|US5FL5VP|100|125|125|2625775,-8008032;-15,-7;-15,-12;-6,-11;4,0;15,13;27,17;-10,0
hillsboro-s|H85|rip rap|2|US5FL5VP|100|89|89|2625787,-8008171;60,-36;1,-2;-2,-2;-6,2
hillsboro-s|H138|pier|2|US5FL5VP|100|129|129|2625779,-8008173;13,-6;-5,8;-34,23;-4,-1;-4,-6;1,-4;7,-7;6,-1;3,3;17,-9
pe-n|H85|rip rap|2|US5PEFBA|100|346|346|2609555,-8010703;-4,35;0,35;-2,7;2,3;-1,15;3,7;-2,5;-1,30;-3,4;-5,0;-4,7;-11,3;-12,8;-21,7;-4,4;-2,11;9,0;1,5;-1,34;-5,14;2,5;10,7;6,-1;4,-8;-1,-11;-6,-6
pe-s|H85|pier|2|US5PEFBA|100|514|514|2609255,-8010759;2,137;3,13;2,84;2,9;-2,8;-5,1;-6,-2;-2,-12;2,-6;-4,-231
pe-s|H85|rip rap|2|US5PEFBA|100|59|59|2609256,-8010819;-1,60
pe-s|H85|rip rap|2|US5PEFBA|97|54|55|2609247,-8010758;-20,0;-4,-3;5,-5;10,-3;6,2
pe-inner|H85|seawall|2|US5PEFBA|70|57|81|2609259,-8010895;2,76;-5,0
pe-inner|H85|rip rap|2|US5PEFBA|100|109|109|2609167,-8010797;13,6;5,7;-7,3;-13,-10;-23,-4;-5,-6;22,-1
pe-inner|H85|rip rap|2|US5PEFBA|100|128|128|2609096,-8010842;-4,14;9,12;-4,4;-13,-9;-14,-4;0,-4;16,-1;8,-35
pe-inner|H85|pier|2|US5PEFBA|100|514|514|2609255,-8010759;2,137;3,13;2,84;2,9;-2,8;-5,1;-6,-2;-2,-12;2,-6;-4,-231
pe-inner|H85|rip rap|2|US5PEFBA|100|229|229|2609246,-8011111;0,7;-3,5;-2,11;1,182;2,4;5,4;10,3
pe-inner|H85|rip rap|2|US5PEFBA|100|59|59|2609256,-8010819;-1,60
pe-inner|H85|rip rap|2|US5PEFBA|100|55|55|2609247,-8010758;-20,0;-4,-3;5,-5;10,-3;6,2
pe-inner|H85|seawall|2|US5PEFBA|19|172|927|2608884,-8011238;0,-18;72,-1;0,-45;-14,0;-1,-5;37,-11;17,10;0,9;105,64;9,-2;10,5;3,9;-14,27;-43,-27;-20,40;70,44;21,-39;-15,-10;2,-7;11,-1;24,14;1,21;14,5;3,-13;82,29;0,30;-12,-1
pe-inner|H85|breakwater|2|US5PEFBA|100|135|135|2608884,-8011256;-1,-62;63,-21
pe-inner|H85|breakwater|2|US5PEFBA|100|49|49|2609119,-8011232;14,1;17,4;1,14
haulover-s|H85|seawall|2|US5MIAEC|4|158|4039|2587500,-8013132;93,75;19,13;24,12;32,10;182,39;34,12;25,12;57,37;62,44;98,63;89,49;42,20;33,11;68,-1;368,-36;48,-11;40,-13;64,-16;91,-29;36,-18;37,-12;79,-8;40,-7;48,-11;131,-40;20,-2;29,18;7,18;19,86;5,15;12,17;19,11;17,2;62,-5;14,-8;12,-14;7,-15;3,-20;-5,-39;-9,-13;-18,-7;-48,3;-36,-2;-12,-12;-6,-22;2,-20;14,-14;58,-17;25,-4;50,0;41,7;20,6;47,22;28,17;42,30;44,36;45,44;28,34;34,47;13,26;6,97;11,287;7,81;6,133
haulover-s|H85|pier|2|US5MIAEC|100|209|209|2589942,-8012115;4,26;-11,24;-9,8;-17,5;-10,5;18,3;13,-5;13,-11;7,-13;3,-15;0,-26
govcut-n|H85|pier|2|US5MIACC|100|1127|1127|2576386,-8013005;-207,495;-4,12;2,3;7,-2;179,-432;32,-72
govcut-n|H85| |2|US5MIACC|78|91|117|2576370,-8012996;2,1;-17,42;-10,-5;8,-18;3,2;11,-24;3,2
govcut-n|H85|rip rap|2|US5MIACC|100|12|12|2576395,-8013001;6,-10
govcut-s|H85|pier|2|US5MIACC|100|1274|1274|2576242,-8013371;-238,572;-2,3;-3,0;0,-7;237,-570
govcut-marinas|H85|pier|3|US5MIACC|100|3|3|2575537,-8013950;2,1
govcut-marinas|H85|breakwater|2|US5MIACC|100|135|135|2576955,-8014085;103,-71
govcut-marinas|H85|pier|2|US5MIACC|100|9|9|2576728,-8013838;7,-5
govcut-marinas|H85|breakwater|2|US5MIACC|100|97|97|2575540,-8013994;-29,-90
govcut-marinas|H85|breakwater|2|US5MIACC|100|373|373|2576723,-8013867;13,-34;258,-175
govcut-marinas|H85|rip rap|2|US5MIACC|100|238|238|2575658,-8013716;-7,-39;-8,-20;-2,-25;-16,-64;-5,-29;-4,-55
govcut-marinas|H85|groin|2|US5MIACC|100|88|88|2575551,-8013990;-5,1;-23,24;-1,-5;18,-24;8,-5
govcut-marinas|H85|groin|2|US5MIACC|100|221|221|2575658,-8013716;-25,96;4,1;9,-29;4,-7;6,-26;5,-11;9,2;1,-3;-6,-10;2,-13
govcut-marinas|H85|breakwater|2|US5MIACC|100|267|267|2575525,-8014086;90,-120;60,-9;25,-34
govcut-marinas|H85|pier|2|US5MIACC|100|9|9|2576721,-8013849;7,-5
govcut-marinas|H85|pier|2|US5MIACC|100|307|307|2575549,-8014004;-4,-1;-22,-66;95,-130;57,-7
keywest-harbour|H85|rip rap||US5FL4DR|33|62|187|2456242,-8180498;3,17;-19,15;5,9;9,-1;1,-3;3,-2;3,1;2,-4;6,0;6,18;9,5;10,32;4,5;-4,4;-1,-2;-8,6;-7,0
keywest-harbour|H85|pier||US5FL4DR|100|11|11|2456532,-8178764;10,2
keywest-harbour|H85|rip rap||US5FL4DR|73|23|31|2455017,-8177498;27,-8
keywest-harbour|H85|pier|2|US5FL4DR|100|478|478|2456286,-8180380;37,213;-1,3;-5,-6;-33,-186;-9,-33;7,-1;4,10
keywest-harbour|H85| |4|US5FL4DR|74|25|34|2454527,-8180248;28,-15
keywest-harbour|H85|seawall|2|US5FL4DR|96|376|391|2455345,-8181119;1,-8;-4,-1;-2,8;-50,-9;1,-8;-4,0;-1,7;-38,-5;-13,-8;-22,0;-31,-4;1,-10;-4,0;-1,9;-44,-8;1,-10;-4,0;0,9;-40,-1;-4,3;-6,-6;-3,2;5,7;-3,3
keywest-harbour|H85|breakwater|2|US5FL4DR|100|76|76|2454484,-8181034;3,0;2,-3;1,-31;-4,5;-3,9;0,18;1,2
keywest-harbour|H85|breakwater|2|US5FL4DR|100|62|62|2454501,-8180947;2,-4;-4,-20;-4,-3;-2,7;4,18;4,2
keywest-harbour|H85|breakwater|2|US5FL4DR|100|60|60|2454499,-8181142;3,-17;6,-4;2,2;-3,18;-6,4;-2,-3
keywest-harbour|H85|pier||US5FL4DR|100|10|10|2456526,-8178739;9,2
keywest-harbour|H85|groin|2|US5FL4DR|100|76|76|2455019,-8177492;-18,3;-11,7;-3,-4;1,-3;14,-6;15,-3
keywest-harbour|H85|pier|7|US5FL4DR|71|8|11|2456288,-8180233;-8,5
keywest-harbour|H85|pier|7|US5FL4DR|100|15|15|2456260,-8180356;7,13
keywest-harbour|H85|pier|7|US5FL4DR|89|13|15|2456267,-8180306;7,13
keywest-harbour|H85|pier|7|US5FL4DR|71|7|10|2456267,-8180338;-8,5
keywest-harbour|H85|pier|7|US5FL4DR|86|9|11|2456270,-8180334;-8,6
keywest-harbour|H85|pier|7|US5FL4DR|100|11|11|2456272,-8180330;-8,6
keywest-harbour|H85|pier|7|US5FL4DR|53|44|83|2456266,-8180289;23,45;-26,14
keywest-harbour|H85|pier|7|US5FL4DR|71|7|10|2456277,-8180288;-8,5
keywest-harbour|H85|pier|7|US5FL4DR|56|8|15|2456274,-8180244;12,-7
keywest-harbour|H85|pier|7|US5FL4DR|100|11|11|2456284,-8180276;-9,5
keywest-harbour|H85|pier|7|US5FL4DR|83|8|10|2456279,-8180284;-8,5
keywest-harbour|H85|pier|7|US5FL4DR|55|36|65|2456275,-8180237;23,43;-13,7
keywest-harbour|H85|pier|7|US5FL4DR|95|36|38|2456290,-8180190;17,33
keywest-harbour|H85|pier|7|US5FL4DR|57|6|11|2456286,-8180237;-9,5
keywest-harbour|H85|pier|7|US5FL4DR|86|9|11|2456290,-8180228;-8,5
keywest-harbour|H85|pier|7|US5FL4DR|86|9|10|2456292,-8180225;-8,5
keywest-harbour|H85|pier|7|US5FL4DR|100|10|10|2456286,-8180272;-9,5
keywest-harbour|H85|pier|7|US5FL4DR|100|8|8|2456274,-8180322;-7,4
keywest-harbour|H85|pier||US5FL4DR|100|21|21|2456061,-8181251;-14,14
keywest-harbour|H85|pier|7|US5FL4DR|63|65|104|2456250,-8180388;22,42;-44,27
keywest-harbour|H85|pier|7|US5FL4DR|100|12|12|2455604,-8180796;1,12
keywest-harbour|H85|breakwater|2|US5FL4DR|100|110|110|2455630,-8180880;-44,97
keywest-harbour|H85|seawall|2|US5FL4DR|100|37|37|2455355,-8181128;-7,-4;4,-8;7,3;-4,9
keywest-harbour|H85|rip rap||US5FL4DR|100|314|314|2456532,-8178764;13,-60;24,-134;1,-19;7,-51;-7,-27;0,-13
keywest-harbour|H85|seawall|2|US5FL4DR|24|63|260|2455586,-8180783;1,15;12,0;0,-15;132,-6;4,-42;-5,-10;-12,-6
keywest-harbour|H85|rip rap||US5FL4DR|100|156|156|2456625,-8179370;0,-4;6,-14;15,-6;3,-7;16,-91;1,-17
keywest-harbour|H85|rip rap||US5FL4DR|95|628|663|2455080,-8181149;-24,11;-38,7;-13,0;-38,-39;-18,-11;-18,-6;-261,-51;-72,-12;-20,-6;-12,0;-16,6;-5,7;-2,8;10,-7;10,4
keywest-harbour|H85|rip rap||US5FL4DR|100|476|476|2454490,-8180555;-4,5;-13,6;-44,9;-9,7;-6,10;-4,15;-1,24;10,91;5,9;25,14;4,8;12,38;9,12;11,4;7,0;20,-12;13,3;18,23;19,41
keywest-harbour|H85|rip rap||US5FL4DR|100|101|101|2454651,-8179914;-4,3;0,5;11,72;-1,17
keywest-harbour|H85|rip rap||US5FL4DR|100|395|395|2456111,-8181235;-17,1;-19,-7;-12,-7;-18,-27;-4,-9;-13,-66;-2,-78;1,-8;13,-34;31,-27;31,-37;6,5
keywest-harbour|H85|rip rap||US5FL4DR|100|92|92|2456201,-8181582;4,-5;17,11;37,9;9,17
keywest-harbour|H138| |4|US5FL4DR|65|50|77|2456630,-8179367;9,2;-4,27;-10,-2;5,-27
keywest-harbour|H138| |4|US5FL4DR|100|65|65|2456579,-8179084;6,2;-3,25;-5,-1;2,-26
standrews-e|H85|pier|2|US5PFNCC|97|375|385|3011834,-8573029;-28,-41;-10,-7;-2,-4;2,-10;5,-14;4,3;22,42;10,7;5,18;10,16;14,16;7,14;7,21;29,131
standrews-e|H85|pier|2|US5PFNCC|100|93|93|3011934,-8572611;52,75
sikes-e|H85|pier|2|US5FL2DK|95|103|109|2961173,-8495729;92,-38
sikes-w|H85|pier|2|US5FL2DK|100|164|164|2961272,-8495918;-135,69
sikes-w|H85|rip rap|2|US5FL2DK|100|160|160|2961384,-8495999;1,21;-38,24;-75,36
pickens|H85|rip rap|2|US5PNSCC|100|28|28|3033125,-8729579;14,-15;-2,-2;-2,2
pickens|H85|groin|3|US5PNSCC|100|10|10|3033139,-8729594;7,-7
longboat-n|A89|pier|2|US4FL1OQ|100|41|41|2744404,-8269125;15,38
longboat-n|A89|rip rap|2|US4FL1OQ|100|53|53|2744467,-8268939;-17,-50
longboat-n|A89|seawall|2|US4FL1OQ|100|103|103|2744450,-8268989;-34,-97
longboat-groins|A89|groin||US4FL1OQ|100|32|32|2744740,-8269178;-4,-13;-5,4;3,11
longboat-groins|A89|groin||US4FL1OQ|100|45|45|2744800,-8269200;-6,-17;7,-4;6,18
longboat-groins|A89|groin||US4FL1OQ|100|46|46|2744870,-8269233;-5,-18;-7,3;6,18
venice-island|H85|breakwater|2|US5FL3UF|100|23|23|2711322,-8246358;-20,6
venice-island|H85|breakwater|2|US5FL3UF|100|25|25|2711277,-8246323;-3,-12;1,-13
venice-island|H85|rip rap|2|US5FL3UF|100|20|20|2711365,-8246339;-5,-20
venice-island|H85|rip rap|2|US5FL3UF|100|10|10|2711279,-8246314;-3,-10
doctors-n|H85|pier|2|US5FL3IO|100|59|59|2617420,-8181492;-16,-56
doctors-n|H85|rip rap|2|US5FL3IO|100|135|135|2617420,-8181492;26,133
doctors-s|H85|pier|2|US5FL3IO|100|141|141|2617319,-8181506;48,4;20,85
doctors-s|H85|rip rap|2|US5FL3IO|100|104|104|2617413,-8181317;-26,-100
doctors-s|H85|seawall|2|US5FL3IO|4|63|1790|2617500,-8181110;-45,-20;-38,-2;-34,31;-5,62;22,33;50,26;0,36;-70,57;-8,69;20,43;36,21;8,33;-128,49;-12,-12;44,-174;4,-124;-25,-86;-55,4;-9,-28;22,-11;-32,-55;38,-26;33,52;109,-41;27,-39;-39,-105
doctors-bw|H85|breakwater|2|US5FL3IO|100|76|76|2617172,-8181434;64,-28
gordon-n|H85|rip rap||US5FL3HO|100|64|64|2609350,-8180081;24,59
gordon-s|H85|breakwater|3|US5FL3HO|100|119|119|2609187,-8180185;-26,-89;-15,-19
gordon-s|H85|seawall||US5FL3HO|100|278|278|2609187,-8180185;53,233;2,17;-16,11
naples-groins|H85|breakwater|2|US5FL3HO|100|44|44|2609506,-8180223;39,-6
naples-groins|H85|breakwater|2|US5FL3HO|100|54|54|2608955,-8180131;-48,11
naples-groins|H85|breakwater|2|US5FL3HO|100|49|49|2609034,-8180148;-44,10
naples-groins|H85|breakwater|2|US5FL3HO|100|51|51|2609114,-8180178;-43,17
naples-groins|H85|groin|3|US5FL3HO|50|45|90|2609685,-8180299;1,90
naples-groins|H85|groin|3|US5FL3HO|66|47|72|2609911,-8180294;2,72
naples-groins|H85|groin|3|US5FL3HO|60|51|84|2609796,-8180297;3,84
naples-groins|H85|breakwater|2|US5FL3HO|100|58|58|2608758,-8180050;-49,21
naples-groins|H85|breakwater|2|US5FL3HO|100|61|61|2608860,-8180098;-51,23
naples-groins|H85|breakwater|2|US5FL3HO|100|45|45|2609590,-8180233;41,-4
naples-groins|H85|pier|3|US5FL3IO|100|46|46|2610087,-8180241;0,-47
#END
