ponce-n|29.07723,-80.92370|110|119
ponce-n|29.07732,-80.92369|110|114
ponce-n|29.07714,-80.92434|140|176
ponce-s|29.07324,-80.91329|110|119
sebastian-n|27.86171,-80.44520|90|77
sebastian-inner|27.86091,-80.44863|130|170
sebastian-inner|27.85926,-80.45028|90|87
sebastian-inner|27.85930,-80.45018|90|71
stlucie-n|27.16912,-80.15410|260|433
stlucie-n|27.16903,-80.15703|150|190
boynton-inner|26.54601,-80.04573|140|181
boynton-inner|26.54706,-80.04719|80|59
boynton-inner|26.54738,-80.04558|110|122
haulover-s|25.89944,-80.12250|160|224
keywest-harbour|24.54652,-81.79756|90|82
keywest-harbour|24.56206,-81.80591|110|113
keywest-harbour|24.54511,-81.80894|60|40
standrews-e|30.11922,-85.72724|140|170
standrews-e|30.11913,-85.72723|140|173
sikes-e|29.61412,-84.95844|210|327
pickens|30.33112,-87.29488|70|29
clearwater-n|27.96622,-82.82679|60|24
clearwater-n|27.96577,-82.82593|60|24
clearwater-n|27.96590,-82.82586|70|31
clearwater-n|27.96606,-82.82631|60|16
clearwater-n|27.96456,-82.82260|60|24
clearwater-n|27.96551,-82.82504|60|26
clearwater-n|27.96670,-82.82775|60|24
clearwater-n|27.96540,-82.82443|70|39
clearwater-revet|27.96817,-82.82974|270|441
longboat-s|27.44057,-82.69075|130|194
longboat-groins|27.43936,-82.69075|70|68
longboat-groins|27.43827,-82.69062|60|63
blindpass-lee|26.47927,-82.18051|130|165
blindpass-lee|26.47985,-82.18109|80|57
gordon-n|26.09335,-81.80114|60|24
naples-groins|26.10011,-81.80237|60|16
naples-groins|26.10142,-81.80252|70|37
naples-groins|26.09529,-81.80193|60|16
