BREVARD|R-001|R-218|218|14|2840722,-8058968;-249,-73;-298,-102;-259,-102;-240,-101;-256,-88;-249,-75;-249,-81;-252,-87;-223,-100;-266,-83;-260,-78;-256,-88;-247,-68;-271,-63;-271,-108;-232,-50;-259,3;-269,-28;-262,-48;-290,-51;-211,-31;-266,-38;-269,-44;-248,-63;-300,11;-274,-30;-259,-20;-262,-27;-275,-36;-269,-28;-269,-25;-268,-6;-222,-5;-255,-4;-250,1;-238,-11;-297,-4;-271,-1;-264,4;-262,9;-273,10;-272,13;-261,12;-278,8;-257,20;-278,23;-258,12;-281,21;-320,31;-195,13;-259,15;-225,25;-271,25;-267,26;-275,47;-229,35;-268,39;-270,35;-277,36;-269,53;-268,64;-271,22;-267,39;-266,60;-272,42;-237,32;-257,46;-277,52;-253,42;-274,37;-247,38;-275,30;-239,43;-245,26;-320,84;-212,28;-274,30;-271,38;-275,52;-235,47;-263,50;-261,52;-267,66;-195,44;-270,63;-232,55;-309,67;-236,58;-167,44;-239,57;-241,64;-268,65;-267,70;-208,63;-251,61;-249,67;-267,71;-260,60;-272,58;-258,72;-264,84;-269,69;-242,54;-178,36;-343,98;-272,80;-228,68;-249,75;-310,97;-233,54;-260,68;-234,66;-266,73;-283,101;-195,68;-254,66;-266,84;-245,70;-238,89;-292,103;-211,72;-264,79;-254,93;-259,86;-263,94;-229,88;-209,73;-282,115;-245,106;-243,95;-196,91;-280,112;-265,113;-246,114;-266,122;-183,82;-303,135;-277,124;-193,90;-258,122;-198,95;-258,107;-235,115;-217,110;-182,89;-309,148;-268,128;-220,109;-266,118;-185,89;-346,164;-240,107;-181,92;-335,171;-127,68;-298,138;-195,101;-232,122;-285,142;-206,106;-164,84;-306,164;-201,93;-258,132;-292,146;-234,123;-304,153;-197,104;-255,132;-232,121;-253,128;-253,128;-248,129;-184,99;-281,162;-255,138;-204,106;-217,116;-273,153;-280,158;-211,116;-233,114;-260,142;-246,136;-249,147;-189,110;-212,124;-246,138;-241,130;-245,141;-238,149;-253,153;-244,130;-245,137;-245,138;-249,140;-246,149;-218,134;-260,170;-208,113;-248,147;-262,151;-198,119;-250,150;-244,140;-443,235;168,-94;-450,259;-273,156;-251,139;-151,85;-149,89;-244,140;-131,63;-366,201;-160,81;-349,203
BREVARD|V-301|V-443|143|29|2879166,-8073327;-234,168;-237,159;-241,156;-236,157;-239,157;-237,160;-230,161;-240,160;-235,155;-244,154;-233,156;-237,161;-228,170;-238,167;-237,162;-230,161;-233,166;-229,170;-233,168;-226,173;-225,180;-226,178;-228,173;-228,176;-216,191;-229,178;-235,162;-226,176;-225,178;-224,184;-218,172;-230,187;-223,184;-220,186;-292,104;-189,187;-268,163;-137,292;-313,63;-225,179;-152,274;-229,169;-230,175;-228,169;-221,182;-226,181;-224,180;-224,181;-222,188;-227,172;-229,176;-235,169;-238,157;-232,158;-239,160;-232,170;-229,169;-236,167;-230,172;-234,158;-235,163;-241,151;-227,166;-240,160;-230,172;-235,164;-224,166;-243,163;-224,176;-216,190;-215,195;-215,196;-220,189;-221,182;-208,201;-223,189;-206,204;-213,197;-220,197;-223,176;-210,195;-203,209;-231,191;-209,181;-210,209;-237,178;-232,166;-178,135;-308,208;-215,130;-264,93;-261,94;-265,105;-255,83;-258,112;-256,123;-285,84;-274,42;-249,53;-293,44;-273,36;-253,10;-205,17;-283,66;-343,95;-348,52;-194,50;-263,86;-266,90;-268,62;-260,89;-262,100;-256,103;-248,132;-268,85;-256,108;-260,109;-250,122;-247,136;-256,121;-231,143;-238,173;-252,135;-258,126;-244,128;-258,115;-256,127;-245,125;-259,122;-255,121;-256,113;-245,128;-241,140;-256,134;-231,141;-247,143;-152,122;-344,213;-268,104;-300,51;-44,4;-150,12
BREVARD|V-444|V-444|1|-85|2844766,-8053474
BREVARD|V-446|V-449|4|-67|2844738,-8053970;-90,-245;-114,-250;-119,-303
BREVARD|V-451|V-466|16|-44|2844194,-8055279;-114,-291;-118,-270;-141,-295;-109,-209;-141,-219;-182,-238;-166,-199;-188,-195;-231,-213;-162,-135;-241,-176;-219,-176;-232,-182;-201,-143;-224,-125
BREVARD|V-467|V-467|1|-113|2841094,-8058914
COLLIER|R-001|R-121|121|-168|2633001,-8184580;-257,109;-261,110;-255,100;-271,105;-259,101;-271,105;-274,106;-256,93;-266,98;-269,86;-274,82;-272,91;-262,79;-274,81;-273,100;-314,-6;-269,66;-282,69;-276,65;-278,62;-281,66;-259,70;-283,77;-289,78;-261,68;-270,51;-324,62;-231,44;-279,53;-281,54;-274,54;-275,57;-277,59;-268,51;-273,38;-288,41;-267,37;-279,32;-274,17;-311,32;-257,64;-285,26;-273,24;-287,26;-303,24;-267,14;-256,14;-294,15;-297,-3;-367,30;-245,24;-284,33;-294,22;-285,19;-253,2;-211,2;-499,172;-258,89;-285,72;-288,59;-274,62;-272,49;-253,62;-207,36;-224,28;-219,28;-220,25;-222,20;-221,29;-216,31;-220,22;-221,22;-222,23;-222,48;-211,44;-215,33;-209,26;-301,34;-315,26;-297,37;-237,41;-285,41;-261,37;-268,34;-239,21;-274,26;-283,18;-248,114;-262,-64;-248,115;-143,86;-97,101;-462,205;-256,113;-276,119;-259,103;-244,97;-284,113;-203,81;-201,80;-252,112;-235,104;-238,110;-240,118;-246,121;-254,125;-248,136;-235,139;-265,155;-252,134;-238,126;-256,136;-250,127;-253,121;-250,119;-252,104;-244,129;-266,97;-256,92;-258,95
COLLIER|R-124|R-127A|5|-153|2600760,-8176260;-231,104;-248,121;-196,116;-273,192
COLLIER|R-136|R-148|13|-161|2594002,-8173990;-218,228;-240,216;-129,97;-181,110;-296,150;-243,92;-281,77;-284,51;-279,28;-252,17;-268,5;-232,-5
COLLIER|V-301|V-301|1|-146|2599555,-8175538
COLLIER|V-305|V-307|3|-168|2598677,-8174784;-275,39;-224,99
COLLIER|V-310|V-310|1|167|2597034,-8174496
COLLIER|V-311|V-314|4|-20|2597214,-8173808;-372,26;-109,-257;-231,-131
COLLIER|V-317|V-318|2|177|2591089,-8172924;-3,0
COLLIER|V-320|V-323|4|-127|2590126,-8171584;-250,106;-296,223;-146,186
COLLIER|V-326|V-332|7|-140|2588589,-8170620;-127,75;-252,137;-219,130;-240,147;-255,109;-258,150
COLLIER|V-342|V-343|2|-135|2584836,-8168322;-213,217
COLLIER|V-344|V-344|1|-13|2585893,-8167229
COLLIER|V-345|V-345|1|-66|2588185,-8167139
COLLIER|V-346|V-346|1|-80|2588981,-8165808
COLLIER|V-347|V-347|1|-99|2589816,-8164419
COLLIER|V-348|V-348|1|-97|2590405,-8162552
COLLIER|V-349|V-349|1|-81|2589667,-8160983
COLLIER|V-350|V-350|1|-106|2588788,-8159589
COLLIER|V-351|V-351|1|-158|2587954,-8158144
COLLIER|V-352|V-352|1|-147|2586601,-8157334
COLLIER|V-353|V-353|1|-131|2586199,-8155777
COLLIER|V-355|V-355|1|-111|2585256,-8152629
COLLIER|V-356|V-356|1|-121|2584212,-8151640
COLLIER|V-357|V-357|1|-88|2583679,-8150120
COLLIER|V-358|V-358|1|-136|2582347,-8149036
COLLIER|V-359|V-359|1|-179|2581376,-8147813
COLLIER|V-360|V-360|1|-155|2580319,-8146793
BROWARD|R-001|R-089|89|-6|2632087,-8007430;-272,-36;-265,-30;-270,-29;-255,-27;-284,-33;-294,-58;-236,-28;-295,-30;-275,-37;-270,-23;-275,-19;-273,-24;-281,-16;-267,-23;-275,-27;-272,-19;-277,-30;-272,-19;-284,-18;-268,-23;-378,-13;-183,-27;-160,-19;-78,-207;-242,-93;-266,-57;-276,-45;-243,-31;-288,-65;-252,-97;-322,-74;-212,-38;-288,-62;-263,-50;-305,-26;-241,-23;-260,-20;-268,-27;-286,-59;-246,-33;-268,-54;-276,-50;-228,-25;-322,-66;-242,-49;-176,-28;-354,-43;-306,-51;-303,-32;-246,-16;-290,-55;-235,-35;-298,-37;-278,-41;-254,-47;-265,-36;-311,-37;-246,-30;-275,-37;-270,-48;-286,-53;-211,-36;-332,-55;-260,-43;-268,-47;-271,-44;-287,-38;-267,-38;-250,-30;-312,-23;-252,-11;-320,-19;-238,-19;-308,-36;-262,-27;-324,-8;-283,-7;-292,-11;-305,-4;-286,-7;-295,-9;-281,-6;-266,-22;-150,-299;-318,-59;-256,-108;-264,-26;-276,-5
BROWARD|R-092|R-096|5|-4|2607567,-8010992;-291,-30;-263,-39;-258,-26;-270,-18
BROWARD|R-099|R-128|30|-4|2605664,-8011156;-273,-26;-314,-34;-272,-23;-283,-35;-281,-27;-267,-24;-277,-22;-263,-17;-284,-29;-286,-18;-294,-22;-269,-5;-285,-20;-254,-17;-269,-9;-290,-14;-276,-17;-272,-19;-293,-22;-277,-17;-312,-44;-293,-36;-276,-16;-280,-23;-301,-41;-297,-29;-272,-13;-287,-31;-248,-11
FLAGLER|R-001|R-044|44|20|2967080,-8121304;-246,114;-329,131;-193,91;-243,107;-259,114;-250,101;-238,96;-281,116;-255,109;-239,102;-256,99;-233,94;-244,91;-282,100;-225,92;-255,108;-240,110;-256,116;-243,115;-278,127;-290,135;-203,98;-248,107;-333,132;-222,91;-211,86;-227,94;-239,100;-314,133;-219,86;-251,106;-259,114;-206,88;-320,144;-239,97;-254,114;-233,94;-239,102;-261,112;-241,105;-258,102;-230,106;-272,120
FLAGLER|R-046|R-047|2|23|2955761,-8116463;-255,115
FLAGLER|R-050|R-100|51|22|2954768,-8115988;-233,110;-230,111;-109,57;-211,98;-254,131;-215,107;-181,90;-275,140;-271,140;-206,101;-232,117;-249,129;-249,125;-224,114;-255,125;-237,116;-232,113;-264,132;-224,111;-266,134;-248,116;-233,126;-243,114;-240,116;-238,118;-245,118;-244,121;-245,120;-242,126;-242,110;-244,99;-254,121;-231,110;-266,126;-187,85;-243,120;-238,111;-224,105;-204,93;-245,110;-244,112;-244,108;-244,111;-240,113;-244,107;-224,100;-242,111;-251,111;-242,114;-244,110
DUVAL|R-002|R-002|1|-98|3048184,-8141389
DUVAL|R-004|R-004|1|-98|3047741,-8141307
DUVAL|R-006|R-020|15|2|3047354,-8141230;-274,32;-309,21;-278,28;-255,33;-323,21;-265,23;-290,33;-301,-11;-219,25;-296,39;-236,51;-278,102;-224,98;-269,32
DUVAL|R-022|R-025|4|-27|3042965,-8140956;0,0;0,0;-511,-186
DUVAL|R-029|R-029|1|15|3040660,-8140336
DUVAL|R-031|R-080|50|6|3038171,-8139642;-266,-27;-273,-27;-267,-34;-283,-17;-244,-12;-218,-5;-343,1;-236,7;-260,13;-245,11;-288,12;-223,17;-262,10;-258,16;-264,17;-268,51;-285,16;-251,37;-255,30;-258,18;-290,21;-254,34;-249,35;-258,36;-253,36;-239,36;-272,46;-253,41;-248,42;-295,52;-235,40;-276,62;-243,37;-267,50;-268,49;-266,60;-253,54;-285,78;-280,69;-250,52;-262,55;-271,59;-241,60;-266,66;-280,65;-257,60;-229,53;-273,64;-307,72
DUVAL|V-501|V-505|5|1|3039607,-8139702;-466,279;-213,-71;-254,-64;-269,-46
MARTIN|R-001|R-042|42|24|2726296,-8019990;-224,105;-222,108;-231,120;-209,97;-196,97;-271,141;-223,118;-224,119;-224,118;-222,123;-225,118;-220,117;-219,124;-212,146;-207,120;-235,131;-227,125;-211,114;-237,127;-217,122;-214,130;-225,121;-224,123;-215,131;-218,138;-222,132;-215,126;-227,116;-236,92;-226,110;-227,111;-211,108;-245,121;-233,37;-250,29;-238,65;-287,121;-190,88;-221,99;-228,104;-225,102
MARTIN|R-045|R-050|6|23|2716137,-8015751;-256,96;-224,84;-215,128;-243,99;-204,133
MARTIN|R-052|R-052|1|15|2714517,-8014989
MARTIN|R-054|R-062|9|15|2714028,-8014874;-228,83;-227,103;-236,99;-237,86;-244,91;-252,69;-228,53;-236,61
MARTIN|R-064|R-064|1|16|2711678,-8014056
MARTIN|R-066|R-127|62|21|2711208,-8013907;-207,124;-217,125;-223,99;-224,135;-232,118;-210,131;-218,120;-202,99;-242,146;-223,149;-207,116;-219,138;-220,134;-221,126;-226,123;-228,113;-224,109;-288,137;-199,79;-283,98;-151,86;-208,88;-249,130;-232,145;-221,99;-231,98;-225,95;-241,106;-225,90;-213,99;-290,116;-182,77;-225,117;-283,127;-213,96;-230,91;-225,90;-236,93;-236,94;-244,88;-209,73;-246,82;-239,79;-222,72;-240,74;-245,59;-234,55;-246,63;-247,48;-237,42;-246,44;-220,64;-241,70;-237,74;-249,75;-232,64;-231,64;-238,100;-224,90;-235,78;-249,45
DADE|R-001|R-078|78|-5|2597519,-8011817;-290,1;-295,-12;-303,-2;-292,-22;-277,11;-336,-11;-249,-9;-217,-9;-410,-17;-290,4;-306,-25;-282,-33;-309,-31;-240,-37;-306,-18;-314,-32;-287,-19;-294,-9;-309,-11;-274,-5;-270,-1;-269,5;-292,5;-265,-28;-288,-31;-359,1;-226,-33;-275,38;-266,26;-315,27;-280,23;-266,17;-282,34;-334,20;-311,33;-289,31;-304,24;-321,8;-302,22;-280,4;-310,-6;-312,6;-247,9;-267,8;-261,-21;-282,3;-289,-7;-256,-27;-281,10;-261,-34;-311,-26;-311,-23;-323,-29;-327,-18;-294,-49;-273,-41;-264,-17;-279,-22;-305,-157;-210,-95;-235,-82;-260,-52;-205,-25;-278,-46;-313,-48;-268,-41;-279,-43;-283,-45;-345,-73;-284,-72;-260,-60;-296,-35;-252,2;-416,-375;-193,-180;-247,-111;-152,-248
DADE|R-079|R-081|3|-1|2574969,-8014263;-297,7;-251,-97
DADE|R-083|R-085|3|-42|2573986,-8014677;-172,-244;-86,-304
DADE|R-089|R-113|25|-8|2572840,-8015569;41,273;-145,289;-152,211;-305,41;-286,-38;-272,-107;-271,-142;-268,-93;-290,-26;-263,-26;-295,-167;-223,-124;-275,-92;-241,-60;-269,-12;-276,-3;-268,11;-245,58;-281,53;-265,65;-277,50;-292,72;-317,36;-292,-141
DADE|V-301|V-301|1|0|2559061,-8016064
DADE|V-302|V-302|1|46|2554331,-8016932
DADE|V-303|V-303|1|-142|2552854,-8017317
DADE|V-304|V-304|1|-11|2551470,-8017582
DADE|V-305|V-305|1|23|2550072,-8017819
DADE|V-306|V-306|1|-30|2548333,-8017812
DADE|V-307|V-307|1|156|2547491,-8018960
DADE|V-308|V-308|1|-2|2545987,-8019018
DADE|V-310|V-310|1|158|2543352,-8020507
DADE|V-311|V-311|1|-167|2541661,-8020846
DADE|V-312|V-312|1|178|2540784,-8021511
DADE|V-314|V-314|1|-33|2538105,-8023017
DADE|V-315|V-315|1|-17|2536795,-8023541
DADE|V-316|V-316|1|5|2535514,-8024200
NASSAU|R-001|R-079|79|3|3070516,-8145115;-31,308;-54,258;1,315;46,302;-51,294;-59,289;-173,271;-140,238;-206,195;-273,-78;-245,-44;-314,-39;-267,-19;-282,-18;-305,-20;-237,-33;-274,-18;-223,-30;-254,-43;-251,-31;-289,-40;-283,-47;-221,-43;-250,-43;-256,-51;-228,-47;-309,-56;-264,-49;-273,-53;-269,-45;-232,-33;-305,-52;-269,-61;-274,-61;-231,-51;-265,-47;-281,-47;-288,-48;-267,-51;-211,-41;-317,-48;-244,-36;-222,-35;-269,-45;-274,-27;-270,-25;-250,-15;-284,-23;-247,-20;-253,-20;-253,-9;-260,-9;-245,-9;-238,-7;-321,-6;-296,-5;-269,4;-262,7;-284,13;-252,16;-295,23;-249,19;-267,20;-247,27;-250,28;-249,32;-268,49;-280,56;-266,61;-273,65;-240,63;-264,69;-272,79;-259,81;-210,7;-274,30;-239,33;-483,-214
NASSAU|R-080|R-082|3|144|3051890,-8144290;279,-267;12,-11
INDIAN RIVER|R-001|R-076|76|22|2785856,-8044663;-244,134;-238,135;-242,138;-236,136;-258,148;-235,127;-268,148;-229,113;-269,154;-273,140;-202,102;-251,133;-252,114;-229,136;-256,124;-244,122;-243,136;-261,123;-248,127;-247,115;-255,132;-256,134;-248,122;-284,147;-232,131;-192,101;-252,157;-229,65;-259,202;-234,119;-236,131;-246,132;-242,122;-265,131;-219,103;-244,128;-237,135;-244,128;-257,115;-262,148;-233,160;-339,195;-158,94;-256,150;-232,111;-247,134;-240,116;-258,125;-265,116;-266,105;-255,104;-272,96;-275,74;-261,59;-259,86;-247,84;-265,71;-262,76;-302,105;-251,96;-267,88;-265,80;-380,124;-151,53;-268,93;-237,104;-258,95;-293,114;-274,105;-295,73;-275,65;-249,96;-273,74;-303,95;-240,80
INDIAN RIVER|R-078|R-119|42|17|2766336,-8035807;-254,61;-301,107;-246,81;-264,81;-255,83;-292,86;-215,58;-305,95;-235,56;-303,-33;-218,14;-240,30;-243,60;-281,92;-250,101;-267,118;-239,105;-229,151;-234,179;-185,141;-254,207;-224,194;-221,193;-224,150;-233,157;-285,149;-255,74;-347,74;-193,40;-235,48;-244,50;-248,33;-290,44;-265,47;-316,71;-181,44;-360,89;-239,64;-241,77;-298,96;-252,75
MONROE|V-302|V-302|1|-19|2533043,-8025781
MONROE|V-305|V-305|1|147|2530196,-8030559
MONROE|V-307|V-307|1|-44|2526757,-8029991
MONROE|V-308|V-308|1|-21|2525729,-8030760
MONROE|V-309|V-309|1|-20|2524188,-8031548
MONROE|V-310|V-310|1|-5|2523234,-8032368
MONROE|V-312|V-312|1|-27|2520498,-8034153
MONROE|V-313|V-313|1|-50|2519207,-8034942
MONROE|V-316|V-316|1|143|2516346,-8038606
MONROE|V-317|V-317|1|156|2515031,-8039448
MONROE|V-322|V-322|1|117|2509829,-8044003
MONROE|V-326|V-326|1|127|2505274,-8048518
MONROE|V-329|V-329|1|-81|2500255,-8052275
MONROE|V-331|V-331|1|-54|2498164,-8054465
MONROE|V-332|V-332|1|125|2497313,-8055697
MONROE|V-333|V-333|1|-31|2496058,-8056449
MONROE|V-335|V-335|1|-60|2494951,-8059211
MONROE|V-337|V-337|1|-20|2493098,-8061847
MONROE|V-340|V-340|1|-47|2490126,-8065314
MONROE|V-341|V-341|1|-48|2489392,-8066706
MONROE|V-343|V-343|1|-49|2487853,-8069524
MONROE|V-344|V-344|1|97|2487031,-8070758
MONROE|V-345|V-345|1|-85|2486039,-8071943
MONROE|V-347|V-347|1|125|2484592,-8074673
MONROE|V-348|V-348|1|-58|2483782,-8075914
MONROE|V-349|V-349|1|155|2483985,-8078019
MONROE|V-352|V-352|1|88|2482370,-8081801
MONROE|V-353|V-353|1|115|2480875,-8083504
MONROE|V-357|V-357|1|110|2478765,-8089434
MONROE|V-360|V-360|1|126|2477328,-8093725
MONROE|V-361|V-361|1|-57|2475942,-8095351
MONROE|V-364|V-364|1|144|2474213,-8099702
MONROE|V-366|V-366|1|-72|2471889,-8101983
MONROE|V-367|V-367|1|-135|2471906,-8102713
MONROE|V-368|V-368|1|-36|2472528,-8104205
MONROE|V-371|V-371|1|35|2469195,-8107838
MONROE|V-372|V-372|1|-90|2469044,-8109209
MONROE|V-381|V-381|1|-6|2468222,-8122840
MONROE|V-383|V-383|1|-81|2466481,-8125543
MONROE|V-384|V-384|1|-60|2466120,-8127005
MONROE|V-386|V-386|1|-98|2465447,-8130021
MONROE|V-387|V-387|1|-78|2464909,-8131580
MONROE|V-388|V-388|1|31|2464931,-8133128
MONROE|V-390|V-390|1|-125|2466890,-8137128
MONROE|V-395|V-395|1|-81|2466107,-8145927
MONROE|V-396|V-396|1|-35|2466237,-8147481
MONROE|V-401|V-401|1|35|2463350,-8158536
MONROE|V-411|V-411|1|-74|2455226,-8175292
MONROE|V-412|V-412|1|-82|2455198,-8176774
MONROE|V-413|V-413|1|-57|2454826,-8178385
MONROE|V-415|V-415|1|-101|2454518,-8180715
MONROE|V-416|V-416|1|-164|2456181,-8180699
MONROE|V-418|V-418|1|1|2458595,-8179420
MONROE|V-419|V-419|1|55|2459915,-8179991
MONROE|V-420|V-420|1|52|2453473,-8188072
MONROE|V-430|V-430|1|132|2456609,-8210135
MONROE|V-436|V-436|1|9|2455837,-8216486
MONROE|V-440|V-440|1|-57|2459748,-8213020
MONROE|V-443|V-443|1|161|2457958,-8210033
MONROE|V-444|V-444|1|64|2462988,-8287274
MONROE|V-445|V-445|1|17|2514820,-8089905
MONROE|V-446|V-446|1|-16|2513989,-8090206
MONROE|V-447|V-447|1|-98|2514176,-8091832
MONROE|V-448|V-448|1|-61|2513671,-8093331
MONROE|V-449|V-449|1|-48|2513361,-8094514
MONROE|V-450|V-450|1|-40|2513426,-8096304
MONROE|V-451|V-451|1|-95|2511608,-8108611
MONROE|V-452|V-452|1|-139|2513308,-8109891
MONROE|V-453|V-453|1|-140|2514366,-8110993
MONROE|V-454|V-454|1|-123|2515313,-8112173
MONROE|V-455|V-455|1|-178|2515969,-8114157
MONROE|V-456|V-456|1|180|2517307,-8114097
MONROE|V-457|V-457|1|-159|2518705,-8114432
MONROE|V-458|V-458|1|-154|2520080,-8115100
MONROE|V-459|V-459|1|-139|2521294,-8115984
MONROE|V-460|V-460|1|-160|2522266,-8117189
MONROE|V-461|V-461|1|-168|2523686,-8117175
MONROE|V-462|V-462|1|161|2525218,-8116830
MONROE|V-463|V-463|1|178|2526589,-8116716
MONROE|V-464|V-464|1|-154|2527910,-8115912
MONROE|V-465|V-465|1|165|2529479,-8116000
MONROE|V-466|V-466|1|163|2530827,-8115129
MONROE|V-467|V-467|1|-177|2532305,-8114782
MONROE|V-468|V-468|1|152|2533551,-8114675
MONROE|V-470|V-470|1|-171|2536262,-8112537
MONROE|V-471|V-471|1|-100|2538086,-8113710
MONROE|V-472|V-472|1|174|2539102,-8115097
MONROE|V-473|V-473|1|-175|2540515,-8114725
MONROE|V-474|V-474|1|-174|2541969,-8115200
MONROE|V-475|V-475|1|-140|2543288,-8115635
MONROE|V-476|V-476|1|-164|2544561,-8116514
MONROE|V-477|V-477|1|176|2546123,-8116844
MONROE|V-479|V-479|1|40|2548217,-8119059
MONROE|V-480|V-480|1|-142|2549325,-8120076
MONROE|V-481|V-481|1|-141|2550560,-8120915
MONROE|V-482|V-482|1|170|2552152,-8120706
MONROE|V-483|V-483|1|150|2553620,-8120220
MONROE|V-484|V-484|1|70|2555498,-8120942
MONROE|V-485|V-485|1|-155|2556090,-8122418
MONROE|V-486|V-486|1|154|2557460,-8123043
MONROE|V-489|V-489|1|-151|2561664,-8124264
MONROE|V-490|V-490|1|-56|2562757,-8126962
MONROE|V-491|V-491|1|165|2564241,-8127284
MONROE|V-492|V-492|1|-105|2565449,-8128884
MONROE|V-495|V-495|1|-99|2569355,-8130286
MONROE|V-496|V-496|1|-120|2569061,-8135322
MONROE|V-497|V-497|1|144|2570381,-8135601
MONROE|V-498|V-498|1|32|2572143,-8134588
MONROE|V-501|V-501|1|-107|2575016,-8138163
MONROE|V-504|V-504|1|-80|2578323,-8140717
MONROE|V-505|V-505|1|-112|2579167,-8142121
MONROE|V-506|V-506|1|-124|2579652,-8143624
MONROE|V-507|V-507|1|-105|2579830,-8145241
MONROE|V-508|V-508|1|-156|2580319,-8146793
PALM BEACH|R-001|R-221|223|1|2697083,-8008033;-261,77;-292,76;-208,73;-97,56;-178,39;-245,62;-297,105;-350,138;-205,99;-212,111;-274,75;-215,-4;-227,62;-189,77;-237,66;-217,42;-254,49;-359,61;-320,91;-342,122;-262,95;-280,89;-272,81;-294,86;-246,103;-257,96;-293,105;-269,78;-301,81;-264,58;-258,93;-301,69;-261,101;-299,116;-256,87;-345,128;-283,86;-209,66;-297,89;-187,56;-251,65;-268,67;-238,52;-241,55;-265,41;-359,46;-361,89;-323,80;-275,68;-251,62;-233,62;-245,86;-214,47;-267,49;-233,47;-217,50;-236,52;-255,70;-274,93;-355,102;-305,88;-313,73;-290,73;-289,57;-297,55;-312,40;-245,-18;-314,-24;-213,10;-330,26;-247,9;-316,-1;-268,-17;-219,-17;-269,-320;-287,-100;-324,-28;-291,-16;-275,-12;-302,11;-368,30;-365,33;-328,27;-264,22;-250,16;-363,11;-269,-3;-256,-3;-284,17;-309,12;-313,43;-316,54;-298,56;-450,37;-214,1;-349,-5;-333,-4;-323,-22;-266,-28;-333,-12;-297,-23;-294,-26;0,0;-316,-56;-364,-62;-316,-17;-314,-39;-217,-32;-335,-3;-371,-14;-264,-15;-313,-21;-288,-19;-262,-17;-319,3;-264,-7;-287,-12;-205,2;-318,-5;-303,15;-199,9;-260,13;-281,13;-248,5;-410,6;-299,0;-296,5;-286,2;-321,-6;-364,-12;-356,-4;-318,-2;-336,-4;-332,-25;-361,-24;-275,-24;-260,-16;-190,-10;-342,-27;-288,-25;-287,-22;-284,-37;-276,-37;-261,-62;-307,-77;-296,-42;-268,-30;-313,-19;-261,-20;-183,-12;-342,-245;-191,118;-372,-92;-264,-81;-281,-74;-348,-82;-277,-49;-192,-31;-190,-30;-323,-48;-237,-43;-314,-57;-294,-57;-307,-62;-266,-54;-316,-59;-258,-39;-372,-41;-302,-46;-290,-38;-311,-42;-298,-36;-299,-39;-278,-37;-363,-47;-257,-43;-339,-53;-273,-45;-315,-42;-335,-60;-263,-47;0,0;-315,-22;-276,-34;-318,-42;-317,-59;-237,-44;-241,-44;-393,-45;-278,-32;-247,-41;-317,-54;-322,-40;-340,-52;-221,-19;-168,-18;-368,-36;-234,-16;-304,-29;-300,-22;-233,-19;-295,-40;-320,-42;-311,-13;-369,-53;-220,-28;-305,-16;-224,-12;-392,-21;-337,-28;-270,-18;-247,-28;-271,-37;-345,-25;-290,-33;-258,-26;-246,-17;-283,-14;-424,-29;-290,-16;-377,-40;-183,-15
PALM BEACH|R-222|R-227|7|-7|2633628,-8007050;281,47;-412,-179;-351,-70;-282,-34;-255,-44;-266,-65
ST JOHNS|R-001|R-122C|125|12|3025305,-8138024;-275,67;-268,71;-262,65;-275,68;-270,70;-273,74;-271,73;-276,75;-289,78;-279,75;-290,95;-286,81;-298,84;-290,81;-302,85;-254,71;-274,77;-275,77;-272,77;-277,78;-273,76;-272,75;-277,78;-281,75;-276,70;-275,70;-284,72;-270,69;-278,74;-277,78;-284,80;-273,77;-281,58;-265,71;-284,75;-284,76;-279,70;-286,71;-278,69;-285,71;-280,70;-265,66;-298,71;-279,65;-277,65;-280,60;-275,60;-277,70;-281,71;-275,68;-295,69;-269,64;-283,66;-279,66;-278,65;-306,72;-264,67;-283,71;-288,72;-286,72;-281,71;-290,64;-282,59;-291,71;-283,70;-286,70;-284,62;-282,57;-305,63;-254,52;-277,56;-286,59;-281,59;-281,64;-282,64;-288,66;-286,65;-304,61;-273,66;-297,77;-274,71;-286,75;-292,76;-280,73;-274,71;-286,69;-282,59;-256,64;-275,74;-280,75;-283,76;-272,56;-274,69;-267,67;-279,71;-275,71;-269,82;-283,77;-279,72;-279,72;-269,69;-263,72;-269,65;-261,83;-259,87;-295,98;-282,88;-269,84;-298,93;-285,82;-273,88;-267,88;-252,97;-296,104;-280,97;-284,130;-274,130;-278,147;-280,147;-270,142;-306,111;-258,-76;-124,-112;-133,-337
ST JOHNS|R-123|R-123|1|-143|2990378,-8129270
ST JOHNS|R-124|R-124|1|90|2990848,-8128351
ST JOHNS|R-125|R-132|8|13|2990337,-8127818;-290,72;-341,112;-215,54;-292,74;-282,90;-281,76;-280,76
ST JOHNS|R-134|R-134|1|15|2987981,-8127147
ST JOHNS|R-138|R-196A|61|13|2986747,-8126759;-252,76;-238,61;-250,65;-291,65;-500,51;203,-15;-265,19;-281,26;-276,18;-286,15;-259,19;-277,19;-270,19;-275,19;-271,20;-276,19;-272,19;-275,17;-275,21;-252,22;-289,35;-285,38;-298,38;-289,43;-248,44;-275,50;-274,49;-267,60;-271,65;-270,79;-264,67;-269,71;-246,68;-328,91;-234,66;-279,90;-270,87;-268,86;-268,87;-254,81;-261,100;-266,103;-251,96;-244,93;-266,102;-261,100;-268,103;-251,96;-265,106;-257,110;-272,120;-267,115;-262,114;-259,111;-255,125;-255,131;-265,139;-253,132;-244,121;-261,115
ST JOHNS|R-197|R-198|3|3|2970397,-8122751;-133,186;-103,76
ST JOHNS|R-199|R-209|11|11|2969634,-8122248;-16,1;-268,67;-261,102;-271,95;-271,87;-266,112;-266,103;-266,107;-265,115;-269,99
ST LUCIE|R-001|R-020|20|17|2755627,-8032083;-256,75;-257,99;-275,87;-257,68;-271,72;-267,74;-268,67;-252,83;-268,70;-241,103;-277,79;-255,80;-264,93;-242,115;-255,128;-252,117;-251,113;-250,119;-257,121
ST LUCIE|R-022|R-115|94|20|2750216,-8030105;-252,91;-262,106;-221,69;-314,95;-262,78;-251,85;-262,98;-270,113;-246,111;-245,131;-325,53;-313,46;-241,0;-249,104;-265,115;-263,101;-244,95;-245,99;-247,94;-263,99;-259,104;-265,121;-269,96;-270,83;-242,100;-257,114;-263,93;-263,82;-259,111;-260,86;-250,106;-273,80;-245,106;-252,93;-259,99;-280,114;-206,78;-273,142;-272,108;-269,122;-220,87;-256,133;-246,120;-249,125;-230,67;-256,202;-241,132;-304,84;-205,191;-232,123;-242,133;-252,141;-243,123;-254,125;-245,130;-243,120;-247,115;-247,117;-245,127;-241,139;-252,120;-248,117;-255,92;-255,104;-270,84;-247,106;-255,129;-258,100;-263,85;-251,93;-245,115;-250,112;-252,112;-252,115;-255,116;-248,126;-246,120;-260,110;-256,96;-249,114;-251,110;-278,73;-228,156;-238,108;-265,125;-247,118;-275,134;-277,130;-208,92;-289,121;-264,103;-200,93;-251,114
VOLUSIA|R-000|R-148|149|25|2942735,-8110218;-41,20;-241,107;-240,109;-240,109;-240,116;-248,111;-243,115;-244,110;-246,112;-250,113;-246,113;-243,112;-250,117;-247,113;-242,114;-245,115;-243,113;-246,112;-239,109;-248,112;-230,109;-235,106;-242,110;-246,109;-250,117;-236,116;-240,112;-244,124;-236,112;-227,114;-244,120;-240,115;-241,114;-244,115;-234,116;-242,114;-236,112;-241,116;-242,110;-235,114;-241,112;-253,120;-232,109;-243,112;-163,72;-277,127;-264,126;-252,120;-249,119;-240,115;-231,113;-249,120;-236,111;-253,125;-260,125;-203,106;-241,116;-215,106;-280,141;-230,104;-219,108;-266,133;-242,124;-234,114;-244,117;-270,132;-223,105;-242,118;-238,127;-211,108;-242,118;-262,125;-230,120;-232,112;-208,99;-288,125;-234,122;-254,125;-254,131;-255,114;-241,120;-233,131;-230,128;-251,147;-233,98;-215,89;-240,101;-261,119;-245,120;-210,107;-245,111;-202,91;-225,116;-255,131;-246,127;-238,123;-224,115;-255,130;-232,120;-239,116;-217,98;-271,146;-234,123;-262,140;-247,125;-248,126;-233,132;-240,136;-249,126;-256,136;-209,114;-224,121;-234,126;-238,131;-355,193;-146,77;-219,124;-254,146;-199,113;-273,140;-211,114;-231,125;-216,119;-257,145;-243,141;-233,141;-223,135;-235,139;-226,145;-229,147;-240,156;-232,149;-211,134;-241,158;-221,146;-222,156;-218,156;-216,155;-209,154;-182,146;-211,159;-234,193;-184,158;-229,190;-184,155;-206,190;-205,211;-186,158
VOLUSIA|R-150|R-234|85|29|2907192,-8091139;-154,103;-240,147;-276,127;-233,97;-263,107;-242,108;-233,116;-244,120;-249,121;-251,116;-245,112;-236,118;-247,138;-233,126;-239,134;-264,145;-239,137;-201,120;-238,141;-248,149;-229,136;-238,142;-213,127;-236,144;-223,149;-234,148;-242,146;-260,162;-186,118;-227,148;-221,145;-244,150;-231,144;-263,169;-163,113;-212,145;-235,156;-227,148;-212,143;-237,155;-126,82;-303,199;-225,145;-237,156;-185,123;-233,158;-221,153;-221,153;-222,153;-234,162;-230,159;-223,154;-188,130;-251,176;-202,149;-239,173;-224,160;-222,153;-222,157;-222,155;-221,155;-232,161;-230,152;-227,150;-229,156;-228,160;-230,156;-236,156;-221,150;-223,153;-223,153;-182,126;-195,132;-218,147;-229,159;-233,161;-230,151;-227,160;-238,160;-234,155;-229,156;-228,155;-211,143;-223,152
VOLUSIA|V-301|V-337|37|28|2887818,-8078886;-235,152;-239,157;-233,159;-243,156;-237,156;-242,153;-349,23;-126,283;-246,149;-240,149;-239,156;-239,153;-241,155;-236,151;-242,156;-244,151;-241,149;-238,153;-241,148;-243,147;-240,152;-242,148;-239,154;-240,153;-242,149;-240,152;-239,153;-237,158;-239,157;-238,154;-240,154;-234,163;-238,156;-236,161;-237,161;-239,152
ESCAMBIA|R-001|R-001|1|-78|3027996,-8751755
ESCAMBIA|R-003|R-050|48|-77|3028137,-8751040;58,251;66,298;57,331;60,348;50,287;66,364;57,283;101,455;68,244;69,354;42,269;49,269;64,287;79,356;51,257;56,319;61,325;42,302;44,309;47,316;45,289;38,371;43,277;48,312;44,347;50,345;70,348;57,331;57,300;62,306;78,393;84,371;53,314;66,276;77,318;224,312;111,297;-72,368;245,267;87,300;-109,360;242,262;-116,325;64,351;246,205;142,378;-196,384
ESCAMBIA|R-053|R-062|10|-86|3031251,-8735138;65,318;343,227;-226,436;71,324;76,310;74,304;63,301;63,300;60,267
ESCAMBIA|R-065|R-067|3|-27|3032031,-8731544;197,251;397,-13
ESCAMBIA|R-071|R-214|144|-81|3032415,-8729301;-128,152;-213,327;-122,292;-59,324;-33,237;-90,387;-58,296;-52,315;-32,266;-16,364;50,315;19,276;2,290;18,307;12,307;48,348;26,290;22,342;21,331;21,310;43,316;49,314;20,327;34,313;33,296;45,318;48,335;19,306;41,321;39,291;59,346;34,284;30,316;30,307;33,348;28,292;44,297;50,282;41,286;31,332;34,276;6,255;5,352;55,321;74,296;50,323;52,247;58,298;67,399;47,230;56,311;80,374;49,233;46,288;47,320;82,341;40,253;45,297;57,323;62,291;56,301;70,312;47,280;54,308;75,344;48,280;69,350;56,253;415,238;-279,413;53,315;66,320;60,318;63,297;64,318;55,311;66,314;65,313;64,298;58,340;44,303;63,305;52,313;60,323;72,317;55,296;57,313;56,303;68,319;48,327;61,300;51,325;42,267;52,332;52,328;47,302;46,295;52,329;50,321;50,319;52,323;55,280;61,306;65,282;63,336;56,318;55,312;56,292;55,303;65,318;33,313;57,325;51,311;46,316;69,342;55,295;66,299;45,309;61,301;40,301;46,339;50,376;34,256;42,305;56,326;43,329;48,300;50,323;46,289;52,324;51,317;50,310;53,328;52,280;31,344;62,422;28,204;56,465;52,237;50,313;55,324;35,219;57,398
BAY|R-000A|R-097|99|-122|3026952,-8599625;-124,280;-229,515;-118,274;-106,293;-122,285;-121,274;-120,253;-122,333;-100,289;-113,263;-147,311;-112,238;-109,308;-104,282;-120,284;-129,281;-123,290;-138,263;-136,314;-111,254;-142,271;-106,260;-154,329;-112,279;-142,292;-120,245;-131,273;-126,269;-137,302;-130,269;-132,263;-144,292;-117,252;-142,279;-223,419;-156,291;-151,286;-109,230;-153,288;-136,277;-137,283;-152,261;-112,227;-190,313;-116,195;-182,338;-145,267;-123,228;-181,330;-139,251;-137,249;-151,272;-154,280;-146,264;-148,267;-194,345;-209,355;-53,77;-150,247;-163,280;-159,316;-125,222;-146,250;-149,255;-152,270;-158,274;-157,258;-175,288;-137,236;-152,262;-144,250;-141,248;-167,283;-159,262;-134,222;-184,291;-162,249;-149,231;-153,231;-185,276;-172,249;-175,240;-172,226;-189,248;-174,231;-219,284;-143,187;-195,255;-157,203;-200,247;-212,264;-188,221;-154,179;-201,222;-212,257;-183,225;-176,203;-102,348
BAY|R-098|R-121|24|-121|3011911,-8572823;-303,163;-166,248;-173,260;-178,269;-184,282;-119,200;-171,251;-197,285;-116,220;-154,285;-167,277;-136,227;-146,250;-150,302;-111,270;-133,262;-143,262;-122,283;-116,271;-120,280;-107,252;-118,274;-120,281
BAY|R-122|R-144|23|-121|2995454,-8544846;-96,312;-122,306;-84,221;-97,408;-45,307;-46,456;-79,298;-116,290;-128,300;-130,276;-139,272;-142,277;-188,294;-163,228;-189,244;-190,230;-186,224;-193,231;-189,233;-194,218;-181,209;-95,110
BAY|V-301|V-309|9|-116|3008359,-8566570;-122,283;-131,284;-124,278;-118,287;-118,282;-123,283;-123,282;-123,283
BAY|V-316|V-319|4|-154|3003478,-8557842;-208,213;-200,219;-142,183
BAY|V-340|V-354|15|-112|2997585,-8551228;-185,236;-72,55;-173,249;-168,229;-184,270;-147,245;-171,256;-159,257;-144,287;-151,295;-113,285;-103,322;-76,250;-46,349
BAY|V-356|V-356|1|-90|2995619,-8546916
BAY|V-358|V-362|5|-95|2995615,-8546270;11,266;-12,294;-35,302;-52,286
FRANKLIN|R-001|R-114|114|-74|2962365,-8509754;-287,239;-164,227;-170,273;-144,298;-130,228;-167,298;-145,253;-156,238;-172,251;-187,271;-168,236;-172,231;-185,241;-189,243;-180,226;-184,229;-179,222;-279,311;-298,431;0,0;-3,10;-74,334;42,338;65,297;91,314;94,302;93,308;95,300;82,305;93,302;91,299;85,294;96,319;86,296;85,294;94,320;75,255;108,337;90,283;99,287;106,320;100,297;97,295;96,301;95,305;100,301;107,301;97,293;114,292;61,212;189,338;35,375;134,305;137,313;165,310;140,309;149,293;177,304;151,290;179,266;181,288;140,289;178,294;196,381;114,213;167,326;146,287;156,277;177,300;173,292;143,259;180,336;134,248;155,304;158,299;129,261;129,276;145,316;125,281;131,303;138,315;131,308;114,274;126,320;117,315;105,292;95,304;96,321;100,302;96,295;78,313;76,295;103,353;76,307;68,343;81,318;100,338;137,396;97,286;99,288;121,319;100,290;94,307;116,299;142,281;122,258;183,346;135,257;156,316;147,301;139,294;155,325;163,283
FRANKLIN|R-116|R-147|32|-44|2969974,-8476469;212,226;216,231;206,241;206,210;210,215;220,254;190,220;209,239;159,232;182,240;206,254;223,249;193,202;202,238;203,223;207,246;195,220;185,234;208,228;206,214;210,206;198,212;234,228;296,107;211,202;92,341;198,234;214,234;181,226;183,232;166,214
FRANKLIN|R-148|R-149|2|161|2976685,-8469767;98,33
FRANKLIN|R-150|R-153|4|-135|2978421,-8467438;-209,-27;-371,317;-18,327
FRANKLIN|R-160|R-160|1|-71|2978286,-8464783
FRANKLIN|R-162|R-168|7|-72|2978458,-8464192;80,297;83,309;74,273;74,307;79,281;77,307
FRANKLIN|R-170|R-193|24|-51|2979118,-8461899;128,287;137,321;121,278;115,266;109,270;105,306;98,284;111,295;113,268;131,259;124,276;120,259;116,315;118,268;167,208;212,161;239,142;238,149;239,84;278,68;271,31;255,1;89,-435
FRANKLIN|R-194|R-239|46|-60|2990620,-8442878;-189,322;-150,323;-3,355;1,314;56,303;-110,312;-58,268;-4,425;-170,161;-100,310;-94,303;-84,317;-78,301;-70,272;-142,310;-88,261;2,421;34,289;90,306;86,272;50,317;60,294;22,298;7,300;-16,309;-6,346;147,327;167,246;246,208;233,129;253,135;321,155;224,82;369,127;323,34;344,49;381,43;316,-33;268,-99;233,-111;252,-56;269,-21;395,-23;203,-191;159,-186
FRANKLIN|V-301|V-329|29|-122|2967731,-8522193;-110,334;-73,287;-83,307;-86,306;-83,293;-91,304;-93,273;-114,289;-105,282;-119,279;-123,306;-121,250;-128,259;-140,270;-140,263;-149,264;-150,265;-149,264;-155,252;-160,256;-160,256;-160,257;-157,239;-174,214;-183,190;-234,180;-131,97;-107,50
FRANKLIN|V-330|V-345|16|-90|2963420,-8514181;-13,200;-37,212;-64,286;-71,269;-81,287;-74,292;-45,298;-33,305;-28,334;14,351;41,339;49,309;49,310;50,310;337,457
GULF|R-001|R-031|31|-149|2992259,-8538702;-216,213;-210,213;-210,212;-210,202;-203,207;-232,217;-202,193;-208,205;-214,193;-212,194;-219,179;-222,185;-224,162;-245,147;-244,143;-239,121;-294,143;-225,159;-227,137;-253,151;-239,154;-243,108;-247,133;-256,109;-253,94;-264,105;-257,87;-305,107;-225,185;-228,182
GULF|R-032|R-035|4|-32|2987272,-8539144;-282,-210;-202,-106;-335,-241
GULF|R-036|R-109|74|-170|2986795,-8540693;-296,-196;-265,-119;-245,-136;-227,-128;-312,-124;-297,-58;-277,-34;-269,-60;-284,-49;-276,-38;-297,-39;-282,-32;-264,-18;-292,3;-281,29;-285,40;-277,3;-295,41;-272,26;-274,38;-279,34;-304,46;-267,28;-276,70;-274,51;-272,73;-296,67;-287,58;-224,49;-340,83;-276,57;-284,87;-291,63;-293,74;-287,63;-236,247;-258,84;-340,-79;-291,71;-290,100;-263,96;-290,66;-276,85;-264,101;-302,82;-269,112;-184,84;-323,134;-263,108;-270,107;-256,119;-253,128;-272,105;-263,101;-271,113;-266,113;-241,110;-253,117;-285,150;-264,121;-245,124;-250,140;-253,140;-236,144;-249,151;-230,149;-244,175;-241,190;-236,187;-163,272;-271,219;-213,212;-212,209
GULF|R-111|R-112|2|38|2966842,-8535319;-184,301
GULF|R-119|R-161|43|-81|2966644,-8534961;189,390;177,226;165,242;154,234;128,237;125,264;115,275;114,318;86,263;84,296;81,314;85,354;53,275;52,338;41,297;33,304;34,308;8,333;14,316;7,319;-2,297;164,313;-179,358;-17,278;-31,342;-27,290;-47,347;-39,277;-48,330;-54,319;-54,305;-57,334;-71,321;-69,299;-89,322;-47,329;-38,236;-31,433;111,276;169,261;144,251;223,330
OKALOOSA|R-001|R-016|16|-95|3039668,-8663317;-1,320;-8,365;-10,344;-23,351;-21,331;-28,316;-46,361;-44,347;-41,325;-45,316;-38,347;-31,357;-24,323;-16,352;0,261
OKALOOSA|R-017|R-050|34|-94|3038376,-8650631;-154,300;24,386;35,295;39,362;14,328;10,311;3,276;13,406;10,318;11,359;1,299;0,338;-1,393;-21,344;-10,280;-2,332;-19,305;-21,315;-18,291;-23,350;-14,338;-20,350;-22,191;-46,415;-34,306;-29,317;-14,289;-35,342;-37,363;-31,298;-34,332;-31,306;-34,314
OKALOOSA|V-501|V-509|9|-90|3038699,-8679987;42,313;38,314;33,275;26,356;28,315;28,316;36,315;36,314
OKALOOSA|V-511|V-511|1|9|3039071,-8676579
OKALOOSA|V-513|V-513|1|-175|3039071,-8676579
OKALOOSA|V-514|V-544|31|-90|3039126,-8675894;34,315;43,364;14,266;16,317;31,316;33,315;22,315;15,316;27,318;23,313;11,317;18,320;28,315;2,314;11,317;18,320;13,315;9,317;16,316;18,312;15,321;7,318;12,313;8,320;7,237;27,396;1,319;27,242;6,390;14,281
OKALOOSA|V-546|V-553|8|-52|3039688,-8665646;-9,194;22,396;7,362;-5,192;-2,321;5,314;-23,294
OKALOOSA|V-601|V-622|22|-98|3039270,-8657980;-1,315;-55,308;-34,315;-28,317;-52,308;-64,319;-35,290;-44,339;-33,307;-17,327;-12,320;5,311;-37,314;-25,316;-21,317;-15,312;-67,309;-45,311;-51,295;-70,300;-40,184
WALTON|R-001|R-127|130|-107|3037871,-8639741;-40,359;-37,331;-36,326;-38,301;-51,361;-40,292;-47,335;-46,330;-42,305;-41,295;-52,342;-50,316;-52,333;-51,321;-47,299;-54,340;-56,354;-56,352;-48,306;-46,289;-58,303;-44,337;-57,336;-54,300;-61,312;-54,276;-79,399;-51,262;-65,330;-69,355;-56,261;-75,328;-72,318;-65,325;-57,302;-72,300;-76,315;-73,302;-75,310;-75,315;-70,287;-86,344;-78,307;-78,328;-81,310;-91,306;-93,372;-96,345;-99,352;-90,309;-96,330;-89,306;-91,312;-87,291;-95,309;-156,491;-42,140;-88,299;-91,311;-87,317;-79,313;-82,311;-85,313;-78,287;-61,224;-129,436;-85,324;-93,317;-97,330;-109,365;-64,222;-95,315;-85,271;-104,319;-95,327;-89,297;-99,317;-92,299;-94,306;-88,290;-94,310;-94,311;-93,303;-91,298;-103,336;-90,283;-97,306;-96,304;-93,299;-95,312;-90,299;-90,296;-98,300;-103,311;-96,308;-78,254;-108,336;-99,305;-99,307;-106,307;-108,284;-111,304;-107,297;-115,315;-101,268;-123,345;-92,281;-114,294;-114,298;-106,290;-104,282;-119,315;-115,288;-102,298;-89,258;-118,343;-104,301;-120,293;-100,292;-106,305;-115,298;-108,282;-110,302;-94,266;-110,313;-102,291;-112,302;-122,300;-117,295
WAKULLA|V-301|V-339|39|-28|2996952,-8434583;15,61;28,52;20,86;0,0;0,0;10,194;18,21;41,35;49,29;38,21;41,21;51,11;46,7;50,5;55,-4;60,-19;42,-35;51,-49;73,66;-8,-33;134,32;42,-27;44,-8;65,-16;50,-25;50,-25;50,-25;52,-27;47,-31;124,-84;-176,119;176,-119;-176,119;0,0;0,0;0,0;0,0;341,-281
WAKULLA|V-340|V-348|9|-74|3005791,-8429854;-42,57;-7,27;-2,66;7,68;17,60;24,60;27,55;23,55
WAKULLA|V-350|V-374|25|-135|3005861,-8429281;-19,58;-26,51;-30,52;-28,51;-16,62;0,65;19,56;55,65;30,34;25,39;33,52;157,6;-55,108;35,-36;-99,-5;219,458;-45,0;-40,28;-23,79;12,70;18,55;-11,51;-24,54;-13,104
WAKULLA|V-376|V-385|10|-128|3006035,-8427724;62,71;34,50;19,56;193,199;-308,-376;155,268;153,108;117,-39;0,0
LEE|R-001|R-026A|27|-174|2678882,-8227200;-263,109;-250,95;-265,76;-275,70;-273,68;-266,45;-274,56;-315,40;-353,37;-420,55;-326,36;-272,33;-280,22;-273,9;-304,-4;-281,9;-298,13;-248,13;-289,2;-241,3;-299,-3;-240,2;-258,-3;-237,5;-249,180;-64,302
LEE|R-027|R-035|9|163|2670617,-8225292;-146,-241;-179,-78;-265,-28;-279,-1;-224,-7;-306,-39;-200,-63;-239,-129
LEE|R-043|R-063|21|-155|2666653,-8225265;-254,209;-198,139;-233,132;-234,131;-253,139;-256,134;-221,117;-296,139;-231,101;-188,138;-222,88;-89,546;-208,151;-251,104;-339,-4;-241,132;-254,108;-243,80;-308,103;-251,63
LEE|R-065|R-065|1|38|2661388,-8222157
LEE|R-066|R-081|21|-160|2660645,-8222128;-211,-154;-223,-101;-294,-37;-265,-42;-330,72;-342,224;-325,198;-244,180;-143,95;-142,114;-202,156;-68,309;-230,46;-150,102;-173,109;-317,264;-306,164;-215,156;-169,48;-285,176
LEE|R-082|R-086|5|-145|2655561,-8220051;-332,-26;-135,-96;-268,184;-204,102
LEE|R-088|R-174|89|-116|2654102,-8219721;-267,67;-239,48;-264,46;-302,47;-246,42;-421,76;-246,49;-278,55;-242,49;-292,61;-258,49;-284,56;-267,83;-313,113;-220,56;-277,54;-303,60;-264,67;-280,80;-339,137;-250,138;0,0;-46,72;-260,124;-197,99;-312,160;-189,176;-249,217;-226,251;-194,257;-174,265;-145,301;-132,279;-133,281;-139,242;-157,284;-158,254;-190,316;-136,239;-198,258;-263,290;-185,198;-238,229;-206,198;-204,211;-189,233;-107,273;-146,253;-105,256;-130,327;-100,236;-130,303;-110,259;-103,286;-97,299;-97,289;-86,253;-93,287;-93,294;-66,325;-53,309;-15,304;-1,294;25,341;27,245;74,348;81,272;105,271;108,282;106,276;108,273;130,282;110,237;140,277;141,258;114,208;170,313;98,177;197,336;147,249;147,254;137,257;151,285;145,273;162,280;124,178;136,323;212,137
LEE|R-175|R-210|38|-131|2646506,-8196848;-375,116;-205,167;-246,259;-146,190;-173,290;-145,264;-125,267;-108,238;-132,327;-105,259;-110,271;-85,211;-74,183;-104,257;-80,199;-137,263;-141,265;-139,213;-180,258;-146,209;-218,310;-183,206;-171,191;-233,209;-198,171;-243,182;-187,132;-234,140;-241,114;-351,176;-239,169;-211,150;-278,246;-208,235;-94,377;-68,275;-20,321
LEE|R-212|R-223|14|-151|2639892,-8188294;-183,-292;-188,110;-188,156;-230,221;-202,197;-213,215;-192,204;-193,167;-227,173;-184,166;-263,252;-183,109;-174,103
LEE|R-224|R-239|23|-156|2637014,-8186395;-107,45;-347,91;-78,-75;-33,3;-139,52;131,-51;-255,122;-127,73;-147,89;-78,48;-114,71;-132,82;-121,76;-242,148;-283,163;-223,109;-291,144;-223,107;-293,131;-242,108;-294,123;-292,120
SANTAROSA|V-501|V-514|14|-82|3038120,-8685026;36,316;38,320;52,310;42,310;32,314;34,315;38,313;21,199;63,584;32,328;58,520;-58,-520;58,520
SANTAROSA|V-515|V-516|2|96|3038639,-8680439;0,0
PINELLAS|R-001|R-001|1|83|2808371,-8282995
PINELLAS|R-007|R-008|2|-170|2806867,-8283445;-225,51
PINELLAS|R-009|R-012|4|-114|2806429,-8282773;-360,-118;-176,226;-202,228
PINELLAS|R-014|R-014|1|38|2805619,-8281657
PINELLAS|R-016|R-027|12|168|2805156,-8281639;-270,-44;-247,-63;-270,-169;-247,-158;-264,-39;-253,-62;-274,-74;-268,-85;-253,-88;-259,-86;-263,-88
PINELLAS|R-030|R-036|7|177|2801557,-8282742;-274,-39;-213,-31;-272,23;-277,5;-312,23;-250,-28
PINELLAS|R-039|R-050|12|173|2799136,-8282800;-285,-6;-288,-22;-263,-26;-298,-57;-288,-62;-267,-18;-265,-42;-256,-22;-224,253;-147,322;-68,222
PINELLAS|R-051|R-056|6|60|2795907,-8282331;-157,-87;7,-521;-141,-50;-362,-221;-221,-115
PINELLAS|R-058|R-059|2|-101|2794463,-8283652;-264,-130
PINELLAS|R-061|R-073|13|-99|2793660,-8284042;-200,-61;-312,-108;-164,-44;-274,-71;-344,-88;-208,-50;-250,-49;-239,-47;-440,-98;-185,-43;0,0;-513,-119
PINELLAS|R-075|R-075|1|76|2790040,-8284889
PINELLAS|R-077|R-166|90|-155|2789506,-8284990;-273,-46;-273,-40;-256,-31;-283,-71;-279,7;-274,18;-289,26;-281,27;-274,29;-276,36;-284,60;-282,55;-218,59;-254,78;-283,85;-266,97;-248,106;-287,147;-259,136;-230,130;-252,138;-239,147;-273,183;-260,156;-232,174;-220,128;-310,159;-254,202;-197,206;-214,224;-203,214;-212,236;-188,248;-167,251;-168,252;-163,226;-221,289;-127,156;-175,238;-200,266;-191,231;-177,240;-192,235;-202,215;-232,210;-195,158;-238,183;-112,86;-284,89;-195,128;-257,163;-245,173;-239,257;-204,244;-224,209;-243,179;-241,145;-300,145;-228,103;-285,109;-273,117;-260,120;-258,130;-248,159;-255,174;-158,261;-205,51;-141,181;-202,222;-163,143;-216,176;-236,183;-255,152;-257,140;-250,100;-270,97;-267,84;-268,64;-268,46;-282,40;-284,25;-267,3;-284,-7;-270,-6;-249,-8;-273,-7;-276,-13;-260,-9;-154,-5
PINELLAS|R-169|R-170|2|-167|2764254,-8274200;-252,64
PINELLAS|R-178|R-192|15|-73|2761790,-8273699;-250,-14;-286,9;-98,256;156,248;167,273;133,292;112,252;125,309;103,285;140,293;134,276;122,290;108,272;161,284
PINELLAS|V-332|V-333|2|-14|2811200,-8283545;3,-16
PINELLAS|V-335|V-335|1|-158|2810855,-8283578
CHARLOTTE|R-001|R-021|21|-151|2694584,-8237430;-237,128;-252,135;-250,147;-240,143;-241,144;-222,132;-215,135;-248,143;-267,169;-257,162;-236,136;-253,154;-259,159;-236,146;-230,165;-226,164;-243,159;-214,173;-210,148;-211,176
CHARLOTTE|R-024|R-024|1|-139|2689119,-8233888
CHARLOTTE|R-026|R-030|5|-137|2688628,-8233574;-227,241;-173,189;-206,192;-220,198
CHARLOTTE|R-032|R-034|3|-148|2687359,-8232382;-203,139;-216,144
CHARLOTTE|R-036|R-055|20|-148|2686477,-8231787;-222,154;-185,135;-219,162;-226,176;-218,170;-242,192;-233,172;-241,184;-240,172;-238,170;-239,172;-199,150;-236,180;-219,152;-278,184;-252,177;-261,172;-249,149;-259,151
CHARLOTTE|R-058|R-068|11|-171|2681129,-8228109;-52,-121;-85,-135;-419,-16;-276,137;-206,129;-248,278;-225,179;-213,172;-235,147;-134,68
SARASOTA|R-001|R-029|29|-142|2738904,-8264270;-240,145;-227,147;-238,130;-248,157;-220,165;-235,181;-223,171;-225,165;-232,165;-243,174;-245,179;-225,201;-196,195;-211,200;-214,203;-259,245;-166,149;-180,211;-191,224;-192,214;-201,202;-209,211;-224,221;-194,172;-204,184;-210,189;-224,215;-151,214
SARASOTA|R-031|R-043|13|-151|2732564,-8258821;-251,-23;-163,396;-141,182;-260,323;-324,-154;-170,240;-185,166;-226,188;-245,134;-262,142;-213,116;-250,136
SARASOTA|R-044C|R-073|32|-144|2727999,-8256972;0,0;-27,-23;-247,45;-268,103;-210,121;-351,347;-114,288;-70,253;-117,243;-153,287;-141,273;-151,257;-163,248;-187,225;-196,187;-234,176;-238,142;-237,120;-173,77;-134,-14;-234,142;-189,166;-124,207;-248,199;-204,212;-239,165;-234,141;-251,137;-250,114;-259,119;-250,117
SARASOTA|R-075|R-078|4|-156|2721598,-8251642;-255,118;-246,142;-325,200
SARASOTA|R-080|R-096|17|-154|2720285,-8250904;-242,132;-243,116;-256,116;-232,118;-243,114;-278,108;-239,79;-275,99;-281,117;-298,121;-278,132;-241,140;-252,153;-243,157;-252,169;-253,158
SARASOTA|R-098|R-149|52|-159|2715677,-8248526;-235,144;-218,131;-260,151;-245,125;-258,128;-257,118;-263,107;-274,101;-267,89;-290,85;-253,71;-260,69;-189,268;-340,-139;-238,65;-314,91;-192,31;-246,318;-256,139;-224,97;-269,105;-249,98;-286,98;-245,82;-238,76;-253,75;-259,99;-255,110;-243,105;-265,101;-250,106;-260,83;-270,95;-258,104;-256,114;-266,112;-255,137;-251,128;-245,141;-238,166;-233,165;-233,154;-243,151;-224,167;-233,173;-234,165;-226,164;-241,155;-239,164;-246,140;-236,153
SARASOTA|R-151|R-183|33|-152|2702409,-8242150;-238,150;-237,145;-244,151;-244,145;-246,146;-242,143;-237,127;-256,144;-218,127;-258,129;-252,105;-251,121;-245,137;-247,128;-254,119;-255,119;-245,142;-243,144;-225,160;-241,177;-224,143;-232,175;-220,145;-234,151;-235,169;-229,158;-228,156;-235,147;-231,164;-221,153;-226,143;-249,158
LEVY|V-303|V-308|6|-99|2913801,-8303969;-52,37;-35,68;-34,65;-33,47;-55,61
LEVY|V-310|V-310|1|-84|2913503,-8303627
LEVY|V-316|V-316|1|5|2913497,-8303141
LEVY|V-318|V-318|1|26|2913552,-8303147
MANATEE|R-001|R-003|3|77|2753877,-8274130;28,-177;2,-39
MANATEE|R-004|R-041|38|-151|2753293,-8274461;-170,145;-237,196;-220,191;-187,250;-207,229;-193,209;-202,235;-219,234;-199,207;-209,184;-263,217;-215,164;-219,155;-221,145;-243,149;-236,138;-271,160;-244,137;-231,115;-251,128;-245,106;-314,142;-200,75;-271,97;-353,160;-238,99;-286,115;-241,76;-257,79;-268,91;-259,125;-232,108;-257,112;-222,80;-292,109;-210,79;-206,92
MANATEE|R-044|R-067|24|-140|2743864,-8269045;-364,134;-187,165;-227,262;-155,223;-256,348;-163,262;-160,233;-143,212;-208,248;-176,205;-159,172;-189,201;-200,200;-191,191;-188,182;-226,201;-217,189;-271,206;-239,164;-247,176;-209,183;-251,187;-209,155
PASCO|V-301|V-302|2|27|2823425,-8283712;0,0
PASCO|V-304|V-305|2|36|2821205,-8284108;91,-431
PASCO|V-307|V-320|14|-180|2821150,-8285182;-284,-6;-271,14;-276,14;-274,8;-275,10;-274,3;-275,13;-309,177;-241,-167;-277,15;-314,298;-197,32;-234,42
PASCO|V-325|V-325|1|-32|2816573,-8284100
#END
